50	
1217	
3728	3751
7213	7263
2194	2214
134	228
9414	9446
9890	9946
6199	6295
7822	7888
3756	3813
3713	3805
55	70
6180	6199
4400	4461
643	708
7750	7766
2620	2650
7825	7903
6587	6662
5996	6016
5220	5299
835	929
1532	1573
4556	4592
1044	1135
1367	1422
6838	6864
5292	5382
6769	6845
1271	1328
6139	6180
6924	7003
8322	8416
3165	3180
4332	4410
1492	1573
2063	2133
639	698
391	463
8381	8463
1823	1920
6640	6673
3470	3512
2087	2175
5559	5631
6903	6934
9750	9775
9193	9228
3764	3775
5649	5717
5939	5995
9349	9380
5062	5111
435	502
1558	1574
6617	6629
3429	3463
9605	9636
8418	8470
6979	7002
1395	1452
8962	9047
3801	3888
5560	5578
203	248
633	674
1518	1543
3835	3899
3111	3145
1244	1336
6159	6221
7968	8038
8532	8570
9449	9516
6678	6727
9319	9370
184	269
3053	3117
6102	6177
9748	9836
447	478
8043	8056
701	747
9065	9100
7715	7730
9953	10029
2933	2964
174	263
6398	6477
4449	4480
6425	6492
6807	6840
2333	2432
319	392
5876	5964
5788	5861
4824	4876
4365	4400
2071	2127
2739	2749
385	436
2708	2751
1410	1489
654	742
1053	1109
4335	4398
9100	9118
4628	4659
6251	6305
4988	5080
902	924
3271	3345
341	428
7286	7300
7513	7539
7021	7091
4598	4630
5936	6005
4958	4974
1806	1854
1087	1105
1878	1917
2440	2457
9219	9235
61	80
2196	2237
9375	9419
7633	7704
4141	4156
2823	2893
4033	4072
6300	6341
6426	6460
100	130
1253	1292
7502	7601
4375	4399
8954	8968
4429	4509
4972	4995
4777	4871
1365	1425
8627	8703
6810	6887
5152	5188
6381	6431
4775	4832
8117	8206
829	889
6830	6849
2210	2262
7470	7556
5844	5927
8770	8864
5727	5785
9292	9391
339	404
3101	3112
2869	2888
580	624
9903	9970
1938	1962
9678	9761
3734	3804
6034	6101
6758	6804
7459	7545
4136	4235
1390	1409
8438	8496
7109	7167
5571	5592
8034	8073
5536	5601
7619	7684
2377	2435
5338	5413
1785	1878
4615	4646
7229	7318
5484	5519
1476	1574
1362	1418
8104	8137
8693	8735
739	829
681	754
940	1032
8806	8858
6373	6402
1791	1851
2526	2542
5409	5508
1526	1618
7475	7542
380	427
2054	2065
20	84
8102	8125
7373	7399
5120	5181
1024	1063
9798	9816
3460	3488
8926	9002
8793	8887
4603	4691
8001	8055
8022	8109
7300	7455
2098	2127
6662	6718
122	151
4749	4775
6893	6914
4909	4923
8708	8792
3181	3267
7157	7220
5858	5933
5326	5423
6338	6416
8263	8304
9474	9571
216	315
7146	7178
9353	9415
7849	7930
2121	2200
610	648
6880	6897
223	276
9310	9394
2347	2382
1978	2074
8387	8466
1546	1587
5774	5840
9647	9744
5421	5464
6965	7026
6462	6558
5039	5083
6383	6436
9114	9167
786	871
3885	3922
2827	2883
2531	2618
2686	2746
2372	2404
8382	8438
4187	4240
6451	6485
4656	4717
1200	1294
1525	1536
5581	5631
7465	7497
4783	4838
6467	6521
9997	10053
1858	1937
5017	5071
6898	6946
4716	4734
9068	9137
4662	4703
7133	7225
1236	1260
7190	7209
3663	3751
1159	1178
1483	1519
6473	6567
6850	6886
8508	8534
1780	1799
4845	4936
1458	1554
4474	4528
4949	4984
8356	8386
9697	9792
5015	5095
9769	9785
4374	4470
2890	2985
9578	9615
8200	8290
9786	9865
944	1002
3561	3575
3354	3421
7494	7580
9010	9056
9082	9176
3672	3740
7033	7066
6771	6782
8729	8748
3374	3395
9311	9326
8270	8285
768	863
8187	8265
9200	9213
2790	2881
8875	8909
7560	7636
5081	5158
1379	1439
1471	1499
7442	7487
8669	8735
8885	8921
4967	5054
9681	9741
7522	7574
1178	1229
5274	5304
9284	9371
1832	1849
6316	6363
9913	10005
2143	2175
4924	4959
9262	9278
2180	2245
4512	4589
564	605
7658	7748
4233	4306
2435	2531
644	674
2373	2383
7074	7170
820	882
3343	3428
4798	4893
5408	5425
6430	6502
1431	1474
3891	3963
5533	5629
8463	8519
3746	3791
5027	5049
2135	2166
1043	1094
2924	2963
7605	7626
5376	5398
389	440
5392	5454
2222	2246
8821	8921
3714	3748
9822	9910
8006	8029
7827	7903
6888	6960
1098	1112
7586	7614
8082	8153
8402	8444
3034	3059
3760	3832
5713	5762
6318	6335
7127	7173
5114	5212
225	242
8334	8376
5222	5301
3919	4019
2539	2584
5824	5924
3939	3988
1137	1229
3426	3465
2013	2040
331	418
3139	3200
7461	7486
4874	4945
5357	5377
8163	8261
7336	7435
2382	2408
2652	2715
3011	3084
9168	9244
8610	8677
9205	9218
729	776
1287	1378
2621	2706
4114	4145
714	730
5506	5535
7432	7444
8796	8853
3994	4080
2949	2995
6256	6270
1528	1569
9347	9434
6385	6477
4978	5018
365	447
545	644
5991	6080
6781	6801
9556	9614
7318	7403
2705	2744
1009	1038
1298	1309
2816	2877
2198	2298
1425	1446
8145	8194
8396	8467
9721	9768
4955	5004
8570	8669
7994	8078
9077	9113
1184	1210
1841	1911
111	202
5812	5867
5135	5178
5695	5769
5759	5837
6460	6553
7151	7235
2607	2661
501	566
3670	3701
2411	2443
2595	2688
4264	4343
5697	5732
7446	7494
9688	9730
1505	1602
9128	9200
1384	1454
1553	1592
2939	2983
7593	7608
4619	4644
2586	2648
3563	3599
2680	2747
8637	8681
8015	8047
1148	1215
9170	9254
374	448
9130	9163
5946	6030
3316	3349
6849	6919
4389	4400
5562	5573
522	581
1702	1788
887	925
2579	2590
7467	7495
4200	4279
2008	2044
6814	6881
227	296
904	999
7758	7810
9478	9492
5000	5059
4861	4914
240	300
7299	7313
7587	7630
451	482
3167	3181
6949	7044
6068	6122
8804	8827
5290	5380
685	775
8099	8132
1094	1145
9104	9120
3209	3303
1242	1338
2632	2657
712	810
8654	8737
9907	9965
2989	3023
7870	7966
2513	2587
1909	1985
888	979
5678	5731
2953	3007
8808	8868
5122	5146
3905	3964
6143	6167
3826	3926
9607	9702
8881	8961
4417	4471
7986	8045
342	354
730	800
4415	4501
71	144
6340	6409
7742	7765
2780	2823
1506	1592
2648	2676
179	201
2880	2969
4107	4160
8609	8628
3144	3176
7557	7649
5654	5737
3107	3120
7558	7591
2532	2628
65	139
3217	3261
2186	2196
5384	5444
1171	1236
5807	5906
3954	4036
8862	8932
2772	2865
3248	3318
9348	9372
3355	3371
3662	3723
1751	1803
3006	3054
4484	4511
36	83
6196	6206
5833	5900
3244	3333
503	561
1314	1356
6058	6088
5310	5328
9259	9269
7571	7585
512	599
7983	8063
2695	2763
1608	1632
690	721
5043	5100
8805	8897
9652	9699
9544	9555
6437	6505
9081	9131
4922	4977
7491	7589
2664	2681
6746	6768
5037	5124
4925	4966
1382	1444
2247	2309
948	1023
1012	1091
594	663
3951	3964
4511	4555
4017	4115
8075	8173
3378	3461
428	473
4596	4689
4595	4675
6114	6176
2946	2971
2796	2852
4839	4938
986	1057
5524	5569
8320	8351
1866	1900
8602	8671
9324	9424
9109	9152
2788	2852
5964	5980
7246	7290
5207	5239
7450	7543
3191	3286
1655	1715
5672	5741
7298	7393
7831	7841
6517	6595
4165	4193
6345	6433
5512	5541
1256	1285
9561	9600
5730	5793
4691	4776
4485	4510
6409	6450
3718	3805
2602	2658
5580	5668
4765	4861
8541	8641
7130	7172
1992	2027
981	1024
3729	3753
7840	7852
214	230
4396	4477
5785	5819
5871	5894
3916	3967
8539	8552
9631	9725
4398	4429
5260	5330
993	1009
4903	4938
6016	6077
2481	2516
5575	5645
1990	2046
3896	3988
8776	8850
2981	3004
2688	2774
5425	5469
7727	7772
3348	3382
6694	6758
9879	9942
9140	9174
6074	6161
8088	8129
9577	9599
7921	7963
6393	6423
1213	1285
2398	2446
7270	7290
7057	7088
6341	6370
9985	10054
7534	7552
4753	4782
6156	6176
9243	9318
1937	1990
7792	7849
8417	8452
6241	6336
1928	2016
207	252
3270	3330
6642	6658
9594	9639
5814	5826
7331	7347
8997	9071
8780	8837
2102	2167
8883	8932
1015	1064
8994	9008
2716	2814
1617	1704
1941	1975
4390	4430
6672	6771
1404	1467
5128	5224
8578	8592
992	1071
6492	6523
900	926
5925	5947
9865	9895
8988	9022
5732	5777
9374	9414
4282	4378
5117	5206
7662	7721
9727	9752
162	199
3083	3140
5154	5214
759	810
7041	7141
6737	6825
3277	3334
75	119
2804	2902
6638	6694
6124	6174
6793	6838
6040	6109
2852	2934
5970	5993
895	984
7900	7937
623	694
3963	4008
8559	8610
4262	4321
2831	2925
686	762
3579	3623
31	110
7282	7342
2017	2056
3925	3939
5106	5169
744	782
7182	7237
609	662
7453	7518
6053	6118
2809	2840
8454	8547
8506	8601
6668	6728
8252	8326
2156	2212
5789	5872
9043	9083
6466	6566
1605	1652
1283	1377
2209	2306
9884	9918
6252	6266
1632	1703
1890	1943
6279	6347
4941	5041
3361	3403
5192	5279
3785	3831
3944	4022
3145	3211
5229	5293
7245	7335
1912	1954
7861	7959
1311	1338
865	932
9005	9036
9877	9943
3442	3521
3723	3821
7202	7288
3537	3558
3864	3897
7370	7438
2058	2104
8127	8162
9580	9652
6006	6104
3238	3324
5142	5220
4956	5008
3510	3581
8603	8638
4194	4209
8277	8326
8003	8067
9641	9735
8852	8942
4238	4311
1309	1329
6113	6202
8100	8194
5415	5461
1539	1623
4095	4194
3780	3872
9620	9702
7616	7652
7975	8049
2956	2967
452	482
688	698
4498	4584
6591	6655
4582	4633
718	776
3324	3418
8858	8909
6043	6135
5380	5436
3214	3303
2450	2522
5859	5876
6816	6896
9506	9602
5518	5587
2977	3042
5264	5282
3338	3363
924	957
3328	3367
1158	1221
1329	1428
6079	6102
1473	1518
3005	3054
5895	5948
2901	2911
191	250
2139	2214
5802	5825
9548	9621
7235	7299
582	612
1615	1652
1970	1988
4771	4834
8761	8809
5611	5633
3350	3381
6001	6063
7390	7487
221	312
7798	7811
7966	8016
2409	2479
8739	8796
1550	1625
9397	9430
7835	7854
9603	9652
8491	8516
326	345
3656	3727
8245	8309
9628	9702
6198	6236
8055	8088
1758	1841
2074	2096
7367	7455
8952	9037
6389	6423
2538	2581
3254	3319
7868	7933
4514	4535
4767	4853
3941	3992
3184	3227
9554	9643
3823	3895
7783	7807
379	434
6153	6172
9504	9521
9751	9844
2443	2453
6012	6062
2846	2858
8301	8345
299	313
4888	4984
6302	6373
5070	5146
9197	9272
5399	5417
3866	3927
1306	1339
4708	4805
8779	8813
2009	2085
3763	3782
2283	2305
3820	3901
180	214
7401	7453
1224	1318
1010	1101
4894	4922
8265	8294
2678	2773
1208	1245
7477	7539
6537	6624
8655	8718
4781	4792
1673	1684
2016	2109
9779	9842
2110	2198
9962	10007
6282	6360
3551	3623
5189	5220
3420	3449
9076	9145
9061	9102
551	575
4926	5017
2672	2752
1556	1602
8526	8613
3795	3808
126	145
1326	1353
5544	5612
6161	6229
4517	4545
8814	8895
1348	1416
6791	6836
3872	3895
8923	9002
439	500
3735	3823
9937	9957
4743	4819
6624	6675
2714	2788
4565	4656
3306	3319
6767	6809
7764	7786
7323	7404
4023	4039
7688	7723
8617	8705
248	273
4597	4678
3850	3899
7938	7965
9434	9493
5370	5399
6056	6121
6493	6523
8047	8073
3202	3236
4380	4463
4323	4398
9961	10003
6826	6861
3419	3494
3613	3689
6285	6371
6582	6624
2062	2147
752	812
9600	9648
4353	4441
3883	3936
6977	7063
6418	6484
9990	10027
4882	4954
2942	2963
2980	3014
5497	5545
5446	5476
5057	5076
8457	8549
8295	8356
6565	6641
7485	7543
3220	3280
381	409
606	673
7254	7354
7568	7631
705	783
349	427
4996	5083
1233	1289
3689	3773
4905	4978
1689	1752
7495	7595
4999	5082
6450	6468
3594	3649
6064	6100
750	849
2010	2060
9531	9603
8835	8916
509	594
1622	1649
4838	4883
4621	4677
6836	6924
2592	2685
4329	4417
3724	3787
8123	8166
2295	2322
5531	5555
6927	7016
6030	6063
2732	2749
6015	6028
437	533
9514	9613
7660	7719
7283	7380
9345	9388
9896	9987
6607	6662
9496	9527
5258	5321
4501	4551
5474	5571
4092	4116
9329	9400
6534	6552
2594	2679
9892	9927
2895	2950
2943	3006
9409	9499
6107	6129
6408	6453
3800	3869
3768	3810
7476	7489
8040	8105
7144	7216
7639	7682
1864	1935
1712	1782
7876	7928
1460	1486
420	490
8845	8882
2707	2746
9360	9426
5711	5809
934	964
6394	6459
9198	9226
675	731
4257	4350
1193	1238
3810	3897
4733	4793
7796	7810
2921	2968
3935	4011
7170	7254
8563	8636
8769	8790
7026	7068
161	173
1649	1738
2226	2258
9327	9391
8904	9003
4762	4856
7919	7952
7679	7703
320	355
3547	3638
8634	8673
6994	7056
2929	3007
5729	5751
9263	9318
9175	9238
5241	5301
4937	4948
2327	2406
2467	2483
3441	3472
1540	1591
4085	4116
8384	8480
9784	9860
1197	1260
8944	9016
5457	5553
6224	6239
1543	1573
9097	9172
2100	2187
313	354
9654	9676
1344	1388
6770	6809
9056	9137
9287	9358
4180	4228
9829	9876
967	1035
4232	4332
6509	6554
6116	6195
5066	5095
8685	8712
6218	6250
47	111
9986	10058
5273	5327
8487	8520
4399	4431
1563	1633
9115	9184
570	643
8146	8217
3591	3645
8372	8468
569	642
3936	4007
2657	2699
8543	8610
2918	2938
3533	3580
584	660
6681	6736
2738	2799
6863	6892
2952	2983
8061	8096
2761	2846
5249	5268
1884	1908
8066	8109
9724	9741
8591	8677
8121	8168
5171	5228
6802	6821
5468	5536
5958	6025
8827	8850
3572	3658
7697	7733
9070	9152
1234	1265
290	382
8834	8849
7810	7861
4688	4777
659	749
5230	5322
9569	9590
9014	9066
8732	8764
2159	2240
76	92
2858	2933
9189	9254
3847	3898
6099	6110
140	232
9708	9788
4245	4270
542	572
5508	5550
6959	6983
1408	1502
8556	8581
7247	7295
1982	2048
2900	2930
3719	3750
6618	6696
5602	5619
9166	9195
6026	6120
9550	9566
8430	8447
9507	9536
4844	4876
7210	7223
5215	5229
7701	7717
4592	4659
5009	5081
1960	2030
4038	4128
1644	1660
7891	7969
302	401
8237	8322
108	177
3611	3666
9608	9632
463	535
7857	7942
4536	4556
682	741
727	792
	
	
	
	
	
	
	
	
	
	
	
	
	
	
	
	
	
	
	
	
	
	
	
	
	
	
	
	
	
	
	
	
	
	
	
	
	
	
	
	
	
	
	
	
	
	
	
	
	
	
	
	
	
	
	
	
	
	
	
	
	
	
	
	
	
	
	
	
	
	
	
	
	
	
	
	
	
	
	
	
	
	
	
