0.10560746520415576	1.157113187653617
2.474626436559925	1.161472317290852
0.8607856705478185	0.39949092730846036
0.9139382514796379	-0.01100725767432853
3.0259927114975778	-3.2424508799002636
1.1474672307423197	1.468969104007979
3.349172848721849	-3.2989131164250085
1.7537410316978355	0.1721235503933165
0.9093765761863492	1.6741756560203012
3.1978256379069427	-3.273762324749804
2.757225589962132	-2.9181475304341915
0.9930515977428979	1.0028503707011305
0.6675280206327802	2.095951503995949
0.7008152348062002	-0.09352304305884968
3.1233658984575894	-3.042380663078118
1.8057149555594016	1.0399991710715495
2.982689963796979	-2.999858289321619
1.0592133606705085	1.2787807885644982
1.1128443302748934	0.4607056935097666
3.3579802900182862	-3.8094693523520933
4.419377768683313	0.7066022227454598
3.3045262331114094	-2.7473599476443162
2.1957488534914256	0.8254181612152965
3.1406655142001205	-2.7830294412199197
3.1993912643949103	-2.5559848582337223
0.428704792717841	1.1929166146695103
3.086822037345281	-2.978530829628211
3.6035918919557095	-2.8191073439116416
2.496825148440023	1.1492222521980948
2.859846051163445	-2.752380053855841
1.381668689251291	0.6256757425407217
0.9841813158965435	1.1917011112411051
1.3489413158567976	1.04802027284863
1.1849041220615644	1.31739995623425
0.1545440902637881	-3.372396952228456
2.802936667107284	-3.0749765648233796
2.920739198004063	-3.0627680635343255
1.7681155760540312	0.7113175484297634
0.36578198007836615	1.6151738798789497
2.9374894170723684	-2.8502101128850517
3.530677830514691	-2.9605839569402224
1.0832321471816047	0.7616370300402707
0.9618185596558331	1.0783419877705958
4.217262276445434	1.156301791494492
3.3531373588024036	-3.836397428583694
4.062426126813098	-3.217658174292748
2.7577328094428624	-4.057688350820026
2.878352045626421	-2.775862139070744
2.958518672148496	-3.05209198537835
3.489510257712726	-4.281002723689338
4.151654390725361	-2.8954377340492314
-0.46388573130705735	-3.085206745678939
0.7795636176234512	2.084770909576006
0.38955315571709254	0.1867177558704865
1.044306596438115	0.1288765772681852
1.4270467230830057	0.5318788104539102
1.127467464362145	1.1949435922910854
1.3211932397935817	1.0339488204039606
2.7637357719207527	-2.4973863826198235
3.2741871330242964	-2.7826342519368334
1.0041267320240173	1.2005792931531643
2.661572700855067	-3.124679403654782
2.9902140559275066	-2.909868948313058
2.73534538540882	-3.5322205662661927
0.8641956541033434	0.7043205401093297
3.230688434144913	-3.0090075784629335
4.313194161416312	-3.635492278106923
2.814273012928492	-3.072972499752148
1.2344309879765947	0.9586222678180383
1.408702847614268	0.579734407175848
4.006186124784071	-3.4093361343513986
2.7301807516203573	-2.6175428632309266
3.0262007412918353	-2.86893625407168
2.6794774761888753	-2.6307697701993247
0.14589788365443818	0.7920591773238019
1.096233293927934	1.0636241524856522
1.7636621188290351	-0.22539079863368716
1.0518971148933725	1.0461449617172165
0.8178933097351374	0.7726337774013544
0.844044937302094	1.019674213804786
3.0626149451710183	-2.2758104576464597
0.4947955729043702	1.1574564921110013
1.0608446948656243	0.9327469203541238
3.881277602348572	1.0089938153470877
2.0676398654062496	-2.623422349760398
0.3109653677171029	2.198726748357216
0.6236909330764312	-0.4227577177938423
2.4454897019732003	1.4716407498302038
2.5386302642299117	-2.5325541092247605
4.290832900836595	-4.050580602280835
0.39166556994868673	0.8960842585498922
0.8477176806442256	0.858802966333582
0.0496132275125145	-3.0118216989933546
3.9595773714918256	-3.5364574540075107
0.3693303121412902	1.1830200283869607
2.4781246061931044	-3.346198775248189
3.045990236659662	-2.906726599990606
0.9105895424676136	0.9208922750187944
0.7323229039732534	1.9938685458913716
3.9869574971223503	-3.4537897826672226
0.6847562179878377	1.3112823805831064
2.3243552889808896	-2.7838012672207366
1.246065719425026	0.6411370314032829
2.124179020101171	0.575131929914248
0.46140585778147725	1.9077034020462331
3.5961164402108854	-3.5553067589655405
-0.3635228684586129	2.166564082971247
1.4092325805936023	1.343378344194614
2.9911231299115815	-3.2580968328356703
2.8431280110139245	-2.8921798566312575
2.2293526016562275	-2.796306714887744
3.3332025334557556	-2.6316685469155288
0.5602277267994691	1.5516371825715607
2.425978502577964	-3.6455297297606375
1.004066207755585	-0.024154676946429254
2.9885500850227924	-2.9859830760370043
-0.14172040678302397	-3.3812833276943763
1.9959675296740782	1.0782008540450696
2.706348010406221	-1.6268219021990464
-0.09422933997616656	0.5023111129941437
3.605729970277949	1.341335206545903
1.2893681745203338	-0.06191912239959396
3.376081091515889	-2.561747369181959
0.9292746972868846	0.965588117535904
3.848586556438071	0.9726394146042634
2.942315417861895	-3.4220601282110277
2.8437535814943247	-2.791667916542354
0.6860904955645408	0.6531551537787896
1.6173936611463056	0.522643342752318
0.804244078760139	0.902301077447587
3.001852590259155	-2.9934583538185624
0.4095963293946179	1.7686936124578123
2.992110646391505	-3.8039405121109517
3.292536328560127	-2.8925916504072395
3.0031964373433024	-3.0792136586854464
1.7846560062623227	0.5806320679364793
3.13562773698992	-2.8998288582843443
-0.48075985810714406	0.658754214467394
0.5147237833813482	1.7069856921194022
3.087328763758556	-2.7345138967815736
2.7018791165694616	-2.7974103505832346
1.0417848837392105	0.9061871758445443
2.7496344637064527	-3.5373198368959637
3.578864314298099	-3.3161286448675735
1.9967595431683736	-3.1192009387479755
0.7281566188345195	0.3395642046369217
1.0090966880892664	1.007473425499085
1.9915558794420833	0.8609558612636372
0.14318335127262086	0.4982539349524755
2.973320787264648	-3.946160324706683
2.8706877975452767	-2.801039025685014
1.481559427301778	1.9166703530531868
0.7351867244171908	1.0245750752741085
1.8208537747773383	-3.382201945018801
1.6466465608754546	-0.3295848255280419
-0.2672320590313717	0.5269737843507007
3.9104759909918467	-3.5871690670478458
3.3176662230013005	-2.8883452101999647
1.1086246319472253	1.0624473968428545
2.3606142405091606	-3.595149273136759
3.28921394823954	-3.1648546429446287
3.5010476133226467	-3.460525897468308
2.3839190565690855	-3.306724627379561
2.78848023690959	-3.379067949797189
0.7839567282162382	0.6385535948737814
2.0257435386763576	-2.079205860178003
1.2352538866989542	1.189578639618637
0.9143823677426086	1.0598284480965519
3.3592787507579747	-2.96685164767511
1.0293677008382172	-0.2619586356719048
3.2474288466805104	-2.576792114558223
2.242179610537905	-2.6753771767046803
0.4514337253917565	1.6764863209962466
0.8048759495853414	0.9769943360908658
2.702266563654577	-3.504617544968979
2.825964418633866	-2.64779579978377
3.2224715834347033	-3.3071644092388337
3.080415392238542	-3.0730754549962263
2.167149670419945	1.3987855589888798
3.3318582312598917	-3.297901011229235
3.1322295948875287	-3.165919724857678
3.2318579187616785	-2.910029804774243
3.228333184066107	-2.7865707016088064
0.912958209357017	1.2516734932821214
0.4577773122443514	1.0745295573376146
2.790292657966423	-3.705450908416959
0.262135834316323	0.9579332334117407
0.9489961791488649	0.9341974695119707
1.1332786835368978	1.0743591077237797
3.9554859502729007	1.1168962638512698
3.011679899268281	-2.9824610009127657
3.618790158159623	-2.5626226139574557
1.4639845679567745	0.4266264236147541
2.5590046721965187	-2.595069222665286
0.09049588064143532	1.0781366614723054
0.9092924124996015	0.7042998370942918
2.905565835262519	-2.418349593626025
1.4387771158155416	0.7080691051711367
2.984649208879455	-2.861917513252588
3.5614280838096146	-3.626360816780415
