-0,5102924129104762	1,758503640674065
-0,02909970765084944	0,8723196236554749
0,06085119686465243	0,9995715773249645
2,874529574696906	0,8978217765572613
-0,19870349703355855	0,1714424012799462
0,5157892504005775	0,7024792184443329
1,1694326179802916	-2,84349108313079
2,7724959085385183	-3,4547862321039293
2,0105821101303487	-2,692605515600248
2,162118835668004	-3,059280578698781
1,987282989351896	-3,0106018823902874
1,7792341706961348	-3,1798332404927776
1,6378365579929288	-2,8679536040530436
2,433271499766555	-2,6496365926311136
-0,7738161935303511	-2,4146277812540133
0,7920682153279793	0,806224507200691
0,47924554673763764	2,221106484976313
2,7253740749898974	1,4831876660542143
-0,6322687145996405	0,6682468191839487
0,17023680634766214	0,97403488938482
0,20031206718118982	0,3705016737016273
2,3086724602133355	-2,4988448663797502
0,7566893279668702	-0,06236919634545568
2,1168058297898877	-3,000658694789111
-0,11451534044108899	1,1352955362786337
-0,600998414689798	1,1452525616709237
-0,758411752092142	0,7131574262790651
2,259142628728485	-4,03185620447099
2,035740253891448	-2,890361580204808
1,4030191917776746	-2,4735078660761958
2,1400900135153815	-2,503839553500873
-1,132495943170105	-2,966521371883568
1,8238860100943834	-2,1778958081413724
0,121613364067401	1,2532008660999807
1,1959250813061681	0,8316929459597916
2,207563425657796	-3,966403292291675
-0,8474499631591006	1,643858012129267
0,10443591311022438	0,48406593992931496
-0,09606187359968846	1,0297840782408234
2,6569108422310777	-2,7855155260152813
-0,3837786808490463	1,3938811851975434
1,5277957687355226	-2,521974728932282
0,16311158883124632	0,5940339818443158
1,9045970917773245	-3,1092462258319675
1,0229819939283384	-3,064502629546735
2,811294934779188	-2,400258669183675
1,7600817270753404	-2,5944263496711337
-0,22401116300926768	1,2227306491492547
0,9549092334667191	-3,929752157490357
1,5417073306027476	-3,231325971104627
0,0957295856437498	1,2763581813842064
-0,6557380148261195	0,567433816549911
1,932782795365136	-3,4349252577696374
2,192476257874352	-2,9807941027208242
2,7864805007384983	1,2462506342751276
0,4680680719887046	0,02128599424236477
1,188218783339386	-3,2438420124778036
1,8560663202212515	-3,296445755881616
-0,11801930426993357	-0,0801736773708932
2,2988785173880415	-2,734534672577863
-0,006561632011817425	1,034797181947799
0,09553044345609574	0,011969531392122423
2,045342887858039	-3,0460430216531194
2,17030132354343	-2,7171738314452143
-0,0772885876328593	1,2570791487453656
0,16871383971722542	0,22400578765479423
3,0028506925588827	-2,5515447860989786
-0,1749088806869949	1,3825523146555754
-0,5275341530898517	1,3927726352816452
-0,25835642436511574	0,8406822089357925
1,061633177012236	-3,381800449140212
-0,43204621440466545	1,5303269018502126
2,088864181415292	-3,226382546447995
-0,5468556606828368	1,0177401227290532
0,40791458251597124	0,29943443736812336
-0,05963650671826967	0,6617961742327884
0,17333318057146166	0,8340025224460824
-0,03298063479279381	0,6383213296886093
1,8805930432186764	-3,089725452762209
0,6481820336579024	-0,7212927825384999
0,415659079095473	0,8183635381375246
-0,4212363575512658	1,9412131551860985
2,1210782129679893	-3,067822918372579
2,03914755837924	-2,769941354555367
-0,15312186479602452	1,0253420718666821
1,9746817614554995	-3,2466576730831247
2,2718630997775087	-2,408599601851554
2,0213409028767058	-2,7854612512984986
0,3345288354451047	1,4006240075524885
0,0802070164780922	0,8331506755317706
3,2060908559250687	-1,8020007181561069
1,0600119126077503	1,630765018650547
1,9622599857996752	-2,998681907905775
0,548737554988831	1,2470841821135499
2,067065585109183	-3,4620923714093426
2,0363057888274234	-3,6582308781483364
-0,12329102603345443	1,0354180321936033
-0,269939220111235	1,316568522198072
0,01906083454989503	0,8062143988663721
-0,1017931955507134	1,0666346843795316
2,095873524695147	-3,8658471070921836
0,15110083000079538	1,5705277570770795
0,0974411655212769	0,18535674724166523
-0,6678355102618849	0,6821610755493124
-1,084573019185191	-3,318151717903616
-0,0819005745225551	0,9189898447302739
2,088726261145777	-3,0030578958202594
0,8404800136458519	1,2160082437584734
-0,6732819376011535	1,627908367682393
1,7479185813802611	-3,116969137320194
0,6042701050491243	0,6178810175819204
0,12490842998082774	1,3702724896197558
2,4632450144206204	-2,564435798233235
-0,1446199333889008	1,042568077080657
-0,5715149865286296	1,254319968330908
3,1001212533222877	0,9373993136675054
1,1314313541150882	0,5084557041782063
2,144844954151894	-2,948276992838101
2,420998998115837	-2,6567474726233566
0,1388614670179449	1,2409891058688787
2,7671570397624046	-2,3610844094749814
2,104742843886061	-3,093975388502152
-0,2885919100490021	1,1784530782745821
-0,8849000100354087	1,7739287509427668
1,712671707354288	-3,2443072979869307
1,747989098926191	-3,53183105334814
3,1992913131201997	0,6130746003945673
2,5896701796619133	-3,521254533432866
1,8188950469209098	-2,2363902907758644
-1,0309677539649775	-3,0646070452128575
0,47091971999253257	0,8618668841447361
2,027457526887047	-2,7839821080601928
1,7484515635305067	-1,8288084732537377
0,8639844384912233	-2,874783547525169
1,5073641659243209	0,9415407734957529
-0,0019118333528893136	0,9932855310052364
1,729723364483533	-3,0358912707762196
-0,537318784831064	0,5560396597334009
0,401834835451094	1,144581375717613
1,834075983475952	-3,396149995380756
0,17819361101607653	1,2401913936760665
2,1066301796382096	-2,9813088533348364
1,9760415271631495	-2,910299842854164
-0,8103050670897606	-0,045832608572862935
1,486021737629871	-2,2044261106474963
1,6382245650553586	-3,813155819801089
0,6273805290430184	0,4859882879628702
-0,32013954419127255	1,4558792148107398
-1,4640833161588063	1,143532513470947
1,9542079662671117	-2,9955752734625603
1,252745318402784	-3,7050442055815367
0,1729178083124485	0,6543123329860023
1,8349099345672466	-2,9733942081115385
-0,2297692933301807	1,4854775358977905
1,8962757829230497	-2,9799728322013537
1,7398568107897876	-3,1519039710521715
1,9278791278190546	-2,3828297859833394
1,0029968670581482	-2,800051597011783
-0,7280937876133878	1,7595529517761093
-0,026268990261276215	0,4012885175056286
0,029731912160556956	1,5166650880477517
2,046523387488049	-2,975918557775573
0,005733063914154509	1,0223317222209636
1,6815030454022721	-2,3050614403876803
-0,4878162965461087	0,5305011327638147
1,099499095206787	-3,145486111059257
2,0042882230000076	-2,9020074232482456
1,8612957078321763	-2,990463556033313
1,8397724403256233	-2,8866469229836156
1,3061287613146049	-3,086076076218291
2,043944641049077	-3,1372573128581185
1,1455428173771498	1,4603558693624779
-0,415998952269758	1,064236727237054
1,7587265896859252	-2,9748244993757815
1,4715901912911649	-3,49362515213567
0,44501083407328973	0,8532079272849985
2,0209873327111403	-2,989996591395281
2,599407682149385	-2,0807295288127707
-0,27038315570017163	2,1112164067470767
3,17158946301312	1,0601250134855629
0,12347791850100273	1,3781080619057147
-1,4494139771742516	1,3196124733414352
1,3887781495583336	0,2593396990116972
0,5107229857601583	1,2905075624031541
0,04671428783544583	0,814126058696331
2,863595019294362	-2,4090396366439735
0,4486981092944545	0,8544405771785761
2,087778667483057	-2,9397065583618702
1,6795715136845915	-2,919578993554634
2,2209204829748375	-3,14650435239104
2,032548186158613	-2,717845095934609
-0,32140093994989216	0,9102166916792104
0,042165261850049984	0,6664842645473446
-0,020119974174507227	0,15462053987811347
2,7846402625456412	-2,924642743678373
1,1767996517986177	-3,0495782742146975
1,6703272364277377	-3,579326223327673
2,1635446183726113	-3,5194372190290806
3,263005295949359	-3,1336918070101163
0,1977933312822484	1,337621158039376
