1.5960465965096133	4.747376654163995
0.44282293878962875	4.934446237541073
0.9360182045397065	4.746957760571191
0.3680037134737605	4.040560438444529
8.11118287545068	4.0684427751585295
8.00639609112146	3.798424064521552
1.8442633307253042	0.7754711208969258
0.413434017261638	4.686692714875658
1.0721418272808698	4.998413992514885
1.3926399963606888	5.548714634649314
7.114273779419102	3.8268183152836057
7.472812625578278	3.596422611602292
0.9561787850475922	2.5084791461190448
7.645870878874812	3.9463850147682096
0.8693471723544601	4.642153316682707
7.90485762773371	3.921361359264527
9.46140681731189	6.7408875423087995
1.2560577095411611	4.974130622365901
6.110180674311438	3.4055383425695673
7.930676388212826	4.941862695805827
1.887226202201875	5.789221039427071
6.897262667207182	3.616187655191831
7.994040307034348	3.889910022909776
1.7260206256291397	5.905567325159006
1.0060414640743767	5.015624931962283
1.0351775144841233	6.100778870005662
8.022034118084019	3.931501750183873
0.9562336691865062	4.847417778642865
1.9549015386882902	6.250658228552357
7.60660257753771	4.71680028238347
1.3027847249209423	5.269311628455411
2.512583744136374	6.225782992625255
0.11186801561553206	3.760702052440984
1.6991013906404222	5.0997404608529
7.6750056195490775	3.900121682146735
1.4405165879674997	5.722269019738696
7.473654613629993	3.9787874324625987
0.9494985849088124	4.908897093039214
1.3803619482090745	5.177381138685543
8.639549434229846	5.037724119513219
3.280335784492007	6.612516766276641
1.0029384062819444	4.678827731333092
0.6529098965207276	1.8662042251245823
8.042656037276853	4.100570592812197
0.7582984416240205	4.745262759658681
6.027142540132069	2.6200668475383697
9.551414943411016	6.657714075824103
2.1752679277990326	6.654969269911472
0.6311320879537324	2.398574494063518
1.2328087481185275	4.33857084936937
1.417409082114108	6.199096963025644
0.7372742928680895	5.133063589994347
8.43931554055347	4.2892528998205615
6.629048390407758	3.0366959601974735
8.007090357016875	3.9372329155664882
0.9737332210958277	4.978086694836067
3.301222115988643	6.570683253998046
1.1002932413171038	5.555879275467874
1.1788585199201895	4.942558222255137
0.4293989726224994	3.974214240999281
1.2023117415127635	5.376211926620073
4.5753227008800605	6.998084844620497
6.908242955013391	2.8521820457857854
8.302153462597442	8.463311752172963
2.9100627851162844	6.152131614363443
7.671809585801627	3.938672843124335
0.8929331259647704	4.337648426669479
7.132198812731145	3.3846225767852376
8.385581125026668	8.870296040512924
0.45807168873534354	5.179803606150161
8.42426331443295	4.47554290273728
9.407992804865799	6.350023188715107
6.490313243091671	2.746390754498579
6.449242654974689	2.6249830771654423
7.979203898132934	3.9226153927086207
1.0082625224399566	4.945105619022683
3.698713458643435	6.606923671973691
8.699071691409666	4.985419224084583
1.3805275073139627	5.380567255866681
8.136165235754222	3.894154600762917
0.7943481092043028	4.692964175348022
0.8562337725934117	5.245785221671842
0.9065926562369196	5.687243711669945
6.471267232443874	3.0133757730131716
0.7540687063302165	4.666162914470441
0.7590924354207903	3.3110713060843087
1.3646096936341792	3.5206032431877703
1.420083384911854	5.097957660365348
6.580542809161831	3.088512864281719
0.8326184790624591	5.258903429930457
0.2544330509283502	2.3337907075016484
8.627847747791824	7.73533602522588
0.8401590953208227	4.708268881061105
9.002110927121935	5.601358375735624
1.0007960313809372	5.0151483463684805
8.251462950762889	4.149211750137207
7.393452567135302	4.072130828469438
8.677116531450963	6.628608490376491
8.883450042216305	7.109897374771346
8.836881967295747	4.608229906455691
1.3699172578770176	4.162929849148679
3.0959642853625207	6.733924370698237
7.7984255871577774	3.0005176674924887
2.4579257834577892	6.8543283831818265
2.2030571767428286	5.624275090789396
1.1627997876855165	5.118568488048994
8.613969970438049	7.898820581423707
9.212454161201997	5.149854605888757
1.254429098013158	5.1973505402887215
8.06383932105017	4.253359248455763
1.0392869995908165	5.195375947657496
0.5787798321835423	4.524785627949431
0.8865089926752048	5.066386705049516
1.0243360967326143	4.988293462014592
6.911888445484566	3.0146188920560446
9.061935914419838	4.006831741200749
1.7055793979651517	4.58958169726894
7.264720888530155	3.4631740407683287
8.898262313330964	4.679473275502861
1.027049381403515	5.119054845078509
8.942304013344149	5.998087801527268
5.3428140238338635	6.768215607237477
1.439902865111308	4.925393501045216
0.8944029015536659	4.474542486124144
8.029799889909906	4.023513666714063
1.8211110256197816	5.7464242247859225
1.9643597209719057	5.358466851976831
7.864938074992038	3.940103150464605
2.4118561791614943	5.813413631793444
2.0215409538429787	5.577148883620537
9.30341047846451	7.335852161344899
7.77024736093258	3.1163937737340284
1.1521203483602385	5.20419889065515
0.7609019448689145	1.771278958470495
0.9867067046628876	4.952338808923377
0.9419784949536645	4.981797962117352
9.236745813753883	7.394974036590257
0.35360243825727145	3.624459349984625
6.469652334974345	3.3821129139244714
0.3755687649052213	4.6378787664522845
1.2652154746727378	6.19559505854936
9.161259265856726	6.645581306868038
1.1172163992655277	4.709304921184336
5.945838329799836	2.8170555815341767
8.308231282423037	8.351677840132666
8.64163779701342	3.9191804500102143
8.803026922534476	7.95059358677608
1.381954835729565	2.118362818858575
9.074492051174786	5.6101062589057005
0.4234952735233357	4.434513043049779
8.634194400344624	5.650021407818139
0.44553141666238494	4.127100928475187
0.5517546790435889	2.6875333128227963
0.4609408379044009	5.073071694834143
1.1473070517143558	4.397565123029906
1.42432424750676	4.990453612077126
6.286997988185273	2.980723488998371
1.043537629825871	4.9325284013283675
8.30084201806855	3.9887960732057084
7.798439029768945	3.1841226086433414
6.834878697980034	3.2009744525704247
1.5953121682217561	5.948906916101879
8.082172634427906	4.055709222001842
8.506171815966256	4.746928876734183
6.727336092372946	3.8065815993789167
1.0307973240202144	4.739587818418643
3.785892420783263	6.993025871934934
0.9891054797595903	4.781580990178221
6.502738788737527	3.115504889309819
9.16805534496661	5.920988686149786
6.554199179795328	2.6570474803561193
1.0102897799036472	5.875303389014647
1.3027738183789157	6.617493017814617
1.1721139387047075	5.435233526186444
-0.22025119567682805	4.096798973910069
0.9477716625900904	4.838927089992228
1.8970305991084497	6.101657207162227
8.891095038977355	6.611865907583418
7.210441059591336	4.161285189486926
8.605147562564001	7.596124954112092
0.4441947807360743	1.9735393446064027
1.063704173417844	5.481430836699382
0.5546710912270083	3.2159162407143382
8.70042825333826	5.203587354637953
0.7228595304243312	2.8071917335237795
7.516197008537577	3.413978418438546
7.691733083208252	3.792278757081845
9.051030133007488	8.092068273153576
1.6974675047098915	5.713950983251854
7.241263176274064	3.4938662499275734
1.2915817450234321	5.8050861614720795
1.0167891199967594	5.003830855104508
0.5557891922233151	2.2409664746957176
3.6494705780976386	6.217447231614923
8.893877591358075	6.349456755190774
7.316557368926945	3.4907002144028647
0.7642745087715637	2.097049841036161
0.394510275012687	3.6091318339529956
7.813389060573098	4.032088570809393
1.285128500357192	5.302414245716718
1.069568647741274	4.005719462454226
1.3470492736181057	5.320123183569198
8.13323069311788	4.222835877937306
8.260704457690757	4.167402297982778
3.9133199855924365	3.439679347820208
8.066070141257233	4.0373251624890045
8.382719359752464	4.181196037850183
8.802304302227801	4.987188268287989
4.9676676785758005	2.6919404717053923
7.417173421753776	3.520174489394399
9.30902680909291	7.429681587927285
1.2083635719253394	1.8336182003046537
0.5010604259492959	5.084895371652214
7.94450452203396	4.1404434862782935
1.2868407259934769	4.7259183325390755
0.6468641164929685	4.184401683667853
1.2209163734219084	5.1674549560961935
8.75132858701379	4.270926963222409
8.346627808817514	4.556204505818474
0.231260815612092	3.6005325166990834
0.7405009326256284	3.4078176413680348
7.507399420803069	4.3655126122318215
7.912212568338081	3.7253794150535273
0.9830627851128726	4.964445955638276
7.972036276589642	4.089961249319416
7.379917457893318	3.285595787771915
0.5385722178442873	4.248460358433369
1.2799657998679264	3.9439500097880646
8.569860019659448	4.522273254989342
9.017598907433426	5.53159325376558
1.0719110013225852	5.141908643904457
0.9126998955630183	4.822424804573059
0.6759587634348828	2.484962313620013
8.8024223096381	4.071599898005078
0.8471142969743966	1.7830148730620947
8.22620879569944	4.41357024982423
0.9804879502425996	5.01004676643125
0.8883740793787102	4.964920696657676
1.0108435752370273	4.978989991009
0.18674183931910826	4.457001218721205
5.713959688674146	3.2387245446014448
8.13568821306338	4.071206082585622
1.171722647895253	5.68450679271922
7.042649374861902	3.8867868246510566
1.7559170593559434	5.872585578372907
1.6830281780336358	5.402011253821586
8.515687869973561	5.744302806114946
0.9104615948590458	4.807862554932256
6.425010669268815	3.2644623485281214
0.5438357042710633	1.7903945978177331
0.40110124058756613	3.746348760047738
6.991408161714369	3.935368686941129
7.435134366226219	3.8275825631556826
0.7814680183332963	5.417141257321127
1.769169596977005	5.8257567751918975
0.5231265358224234	4.25018749914274
0.4211754643730219	4.7461632619746625
1.4915573931146442	5.800832660024835
0.943961383359769	4.160772433783455
7.580350568282527	4.0041523021848935
8.153323888920085	3.607441148388725
4.96850094356023	3.202924478170988
6.722162891530957	3.6296894658899403
2.5580222233287584	6.331666540936492
8.00075669652075	3.9993562770817426
0.3109973796339309	4.73817098291003
7.938159534444713	4.14180519180599
2.141726324720956	5.992590545770823
8.028842629260216	4.086161575557427
8.645774901046702	5.652670850203767
1.9045007433714138	5.510821155016773
0.7555000485558425	2.255539174566147
8.048101587930223	3.7934364148135518
7.777822424038967	3.804371878244761
0.9755614391043604	3.188842775139137
8.379024513500445	4.32706402556456
7.675108293149887	3.9369378213706225
8.428113777521162	5.766769146375087
1.1543343424133907	6.342417714359133
1.1638245210447322	5.323084510342377
9.196697603981166	5.009369282021456
8.521250139484566	5.60066714768938
6.737060308308375	4.0069616007891105
8.134297433212453	3.9742136763831297
8.94166068140485	5.125636085909855
8.382136748688513	4.89582684803947
8.567107169869594	4.7983579408229105
8.150471769956598	4.21036542696425
8.15568189352853	4.019479572924045
0.7877602358463383	4.521653778906313
9.027361864861822	7.546002585005089
1.474059458492174	5.836223210859608
0.04027062113910862	5.162010157554536
1.2039307712235738	4.7824839252372495
8.144379268959707	3.848315101599465
1.5539754645854609	5.695785975633609
0.6882062821350519	4.5360624678204555
7.926951785186713	3.729069778448544
7.921401302611252	3.500645252916006
1.0025495312801038	5.019153108084045
8.4090822362601	7.9523824169026796
7.702123148334661	2.763616757763807
8.786770220716104	4.676490212405258
2.3922502968857926	5.986404619861188
8.650944996211592	4.866577104991134
8.865433724330648	4.6294573490486135
2.1500457648789233	5.76492573642396
5.9666696468318	3.732233390836042
7.857135963391371	3.9879979416071185
8.814369946029998	5.238905730734856
1.585658090829242	6.161149844216777
7.1907410243358765	3.471989949224195
0.6761401765762404	2.3579582782802673
1.3030278823023926	5.283075821463035
0.9730809721224868	3.4716124286294368
7.9653241638113	4.507948582655915
1.4262730856838537	4.217353331353869
1.299579752588593	5.4979447685381135
1.588844642334561	5.330020034212212
1.4686850866990573	6.083232756254219
8.1858542209642	5.056660239506115
7.910119868755396	4.112667536510923
0.06347838041584464	4.976902583994485
9.136464093291883	4.94066617644519
1.6825651132357062	5.673338618194087
2.8251807012237897	7.104159402854821
0.813123840949523	5.093743033840725
1.6218726216892003	5.898368803009615
1.5959667341250663	5.462834818228854
1.213956007426459	4.568128316688001
8.358420332578214	4.217392240943816
1.250957928882474	2.7665458236263007
1.055039109360544	4.0883353546408845
0.9788704578184014	4.922585341388548
-0.2007925759240632	3.790315673543428
8.052968903664729	4.009556860551897
2.6616229830383564	5.705642019340665
4.826455225434728	6.505556698706085
0.32022661765428606	4.216146720998623
7.395203756973776	3.6308607932491825
1.1862923463325794	5.360676120026865
1.4427854630284793	5.812297565744568
8.182961540309524	4.202928322753506
7.249125182765291	2.630623370726016
1.7582012811229717	5.778229989807775
7.153027788443712	3.2298862152180896
0.640500998019349	1.672449373939267
0.7231845135764884	4.73222089947005
1.115203515792224	4.772431010503827
7.924326727406034	3.90318935431077
1.4904803101447062	5.543410766909002
7.802700644170367	3.5218585666789886
8.9937716695559	5.129461007825603
7.687725660260135	4.239522257772592
5.123506044638981	2.6312953509030774
9.464689437247094	5.340629988685299
8.413481632662483	7.276734602073135
1.0438691193518612	2.8355711436310242
8.413716513843829	4.309377879464351
8.95468784721648	5.130932517672603
7.850521798977184	3.854129417806656
6.339262398112432	3.2609078671362943
2.9879427036092814	6.4113111432876195
9.146866412807631	5.566368384223004
1.4354944426699883	5.323693420152482
8.885644581823373	6.354722110723165
8.83378770144979	6.293754142943678
8.591694390203221	4.197094528453324
8.95779354659003	4.690800656502903
1.0917867955487575	5.759250471670811
0.6934205778074116	2.5367119133108442
1.77391658083227	6.064676713434918
9.387138220020848	5.426597010326722
0.7915730099151002	5.025551707535252
2.7546563711729526	6.7653657813648
9.244311819603404	6.7921793336002025
8.42378583188073	4.9849882842724496
8.863798030425867	3.9869620087947077
1.014567623322881	5.446225345068501
7.327394823079424	3.6481369730757454
7.52568404858031	4.312436800290605
1.5759441047924452	5.4392264721149735
5.218803276729915	6.80967491324804
0.8169774043672943	4.742707938173813
0.6239962697116367	4.8588072549410946
1.4065765407474335	5.438337002930077
0.6056900575495616	2.924651762776351
5.4777995072146055	2.561040391146139
7.723544217142552	3.4665339063497367
0.5935682753804192	4.653430438202807
1.3475611398256566	5.261902608470301
0.8460550414557766	4.448914185241123
8.368711430620523	4.29130971828326
8.893499912194313	6.153896383470267
7.297028333413262	4.443897215801639
1.7921209534259648	5.765032189020568
1.1980361177361818	5.216246360288574
6.929503229604972	2.5506470417383635
0.9238238004849209	4.860114388835786
2.1026315912489406	6.132955374735629
8.163887869869583	3.532998308737356
8.342008370754478	4.5575496651546725
9.214586996238308	6.193463659833839
8.627463552511166	7.799271328852288
7.851975139236687	3.95901473279826
0.7809876112428162	5.005358695368839
0.41442963607734984	4.124809577793847
7.511061294124261	3.9802171698252478
7.600476156378484	3.549169853962771
0.5248216935566169	4.155595566361314
6.86843217435424	4.318393896268753
0.9794915014881778	4.981095382618693
9.075092892177206	5.452821482616962
7.781107262912958	3.0623314718282786
0.18590689187859533	3.936883934094011
1.3882393749713087	5.19697498457449
7.631285293659147	3.398668953522359
0.9096215524133286	4.469752772026798
7.201623818824558	3.472332463570754
0.6069636015444637	3.3389624005696428
5.5380993555699405	3.027800122854988
8.694285993177994	8.57602396739032
7.3203230559120716	3.6189019325277103
6.372861703239904	3.234980500380812
7.79456352163767	3.5411129305313156
9.164686624897051	4.235369139212609
8.553033969655685	4.508463670726595
0.9579327031589376	5.841759289569183
0.9806093503105722	5.00442227623454
-0.09709550939237599	3.859741647264887
0.4645078234983404	4.411433383489673
0.6199711970826154	5.069083339480607
8.017161946548539	3.9798786324285467
6.6592811250551645	3.541560753552527
8.20116462863345	4.143200384917164
7.474767435244495	3.5142931063524654
1.6501875635826797	5.2871217283125205
1.3040831778376645	4.57561647846223
0.6485224716506179	1.5386651639103177
8.289301619861495	5.9408446856441
1.6513781163314332	5.81184365721984
8.00887833448036	4.541354698099339
8.708892427971334	5.010139424189093
8.963023244174526	5.940499884359497
1.0619331896428423	5.063531327522996
7.363075436456165	3.1393602555151725
8.367672606473185	6.253777012676832
8.513371185233824	4.7987881361169205
1.006206952506794	4.173023900365814
2.2638187930743254	5.955882136550174
8.804409132219758	5.597620997081174
0.3562396701581866	4.4191444475929735
1.0455012304370133	5.617809223857925
8.069033192517349	4.044280112571374
1.0144877075281833	4.917677852916677
7.844040528855895	3.850854903551514
0.5689478839732709	2.8275897946798727
6.793941774661036	3.8308867500127044
7.532583206939576	3.5758125962870264
6.6720562474297465	3.4400868776666047
3.6867681991560897	3.413548973743815
3.7205769709795162	6.323822034697647
9.246879163780493	6.957862171489363
1.115456271380363	5.207151411536545
7.558915779608894	3.3420690214654436
0.933680875477102	4.311777633559149
7.965600354334459	3.961404780450261
8.539539913286204	4.483810760280789
6.60435217987016	3.053640922322195
5.396665797946919	3.340941348018644
1.0380435049710406	3.009495264681857
6.01329321396843	3.437604287438382
6.8061110722222296	3.5722499513526182
7.984136336968251	4.098491867340427
9.170908390823808	6.6186620863458
8.356276498799243	4.368707799150371
7.083225534649345	4.151518769316032
1.4317216522639684	4.477258488873409
6.359422612461737	3.191314335539219
7.902373446505897	3.829783501990204
8.339530411130736	5.53157961235313
1.0104489815631956	4.987419376674736
7.555575150801038	3.475032478093184
8.720680563312236	5.791315795964575
8.293315625732312	3.761402536391969
1.1329753534237796	4.943117561041205
7.286100965156365	3.122764807977319
0.8429161004235161	4.721602346950278
7.730899038873785	3.6686941509394626
6.910178889933388	3.4847596185770406
6.933068307793082	4.12150781317068
0.8769952514781123	5.002069529451438
7.994716316334757	4.157387585444393
0.9233342036697576	5.0468575374363285
7.958548705118238	3.6070066804711542
0.5850974497051313	4.661917395622745
6.520571199366067	3.8250302493212756
6.592407989059915	2.850674065561024
7.802556476675813	3.750690981083123
1.4724361195308955	5.500892492852432
