5.548331546307864	3.1552001246023638
7.045485927595585	4.653877984113638
1.1413432641811063	6.055457961161043
1.3789028323775432	5.673866930984563
0.9208435242270194	5.943811732209874
5.245940519489906	2.924094087529203
0.999630704062868	6.593100982887201
0.6771343569599606	5.124922385441968
1.277801612163367	5.5430984739673965
5.675212738438022	3.674464644764271
0.6657360094472142	5.921016873724411
1.1936076261176263	5.939617537875822
0.7755111715797142	5.426652001552303
1.8236876695041837	4.661089313329191
6.052917659525776	3.996926238657286
0.5477685796477134	5.856313976491608
5.969038889124448	5.933208721196223
5.933934454443843	2.628040222074648
5.9955809663897774	3.9652747110349007
6.288733643390429	3.8290598127243394
0.3825761950805988	6.088239757862895
1.5085709383564296	4.56915962740867
5.991771889078876	3.4675418751096454
1.1957777504293214	4.955083006393876
0.9958765412152183	6.215055468793093
2.217593455007182	7.987135628735633
6.008986514227778	3.6269643508302387
1.084717615207106	5.660759609740794
5.845388922603304	3.855948657307324
0.9016493052901072	5.2809564595067355
6.8962233381363545	3.9108427797270857
6.224285201953641	5.094963008970148
5.796439245928116	4.817349491804029
6.086064750585613	4.290860192821795
5.601970213319486	4.633741280114582
0.8831842852085101	6.904163783906604
0.7085960778475029	5.587406598560127
1.242266688708775	6.846693773814843
1.0573156690026935	6.4198340405456245
2.048464792616615	7.035059571950358
5.374146716228388	3.3312166281269397
5.723747740427989	3.5778793960161237
5.708999720275549	4.462232238386034
5.608006347934194	2.7434841912183536
6.4898961669030175	3.6909697056294513
3.579568819849926	2.44954551883537
5.819559356950471	3.052840742284676
6.1268423739755855	3.7631898025277213
1.0072878590453622	6.017939611564808
5.04415594142617	2.469188837144968
1.039447153145812	6.015479901105206
1.2504747518761348	5.250743850161512
6.287378123659219	4.182647016627923
0.041884586033652416	5.529200746626735
1.2444986269887934	5.05865110374422
0.9689317258501952	6.122018715807516
1.6707404784226205	4.939114779015597
0.5720490938679643	5.505466612382942
5.1179129971180695	3.5900452649239374
0.5215211448927166	6.2915801948140935
6.714515784498014	4.35569384047279
5.977514282665367	4.132789859218264
5.152948508563028	3.732800046830744
0.9947436754612202	6.026464597913708
0.9263581964838342	6.23781476933088
0.8620299148433178	5.024150435006522
1.0829873416473115	6.28156272875833
1.8000620195498362	4.478282346695248
0.7413198758401508	5.917651793123515
5.581297171146725	4.427985672885524
1.3374318287565645	7.610459597512699
1.1245939610111046	5.41103719587071
6.987501543576852	3.65931137624879
5.791382587420154	3.8245172809355075
5.682545420000807	3.4268449919617905
0.4631252342588311	5.148520569263794
1.4991001937768726	5.270434615088346
0.6282363839251374	6.345357070855352
5.635877528282639	6.012426658014798
0.9790008703502779	5.492792075657915
1.6895787444966337	6.9489059097323045
6.7139135694319085	3.89189374586095
5.9197390724516445	4.14390511440572
0.4445892154039113	4.971966689625436
1.516842432675999	4.658315410572855
5.770815262842487	6.5189776064091145
4.872183732675223	3.676427462359616
5.135326316602329	3.509579744319934
6.2185527689049405	5.145410711387479
5.8064198739776565	6.034173560262184
1.3631816917418345	4.871172890881503
0.7376978783569681	5.32326113133257
6.177513578809304	4.319878056892168
5.982420312019149	3.044258365740133
1.094341009317482	5.865758352551905
0.7466873088240118	5.860880517582006
0.5624177297743825	5.427775483077189
5.710501034168527	3.2746794634113794
1.4356620375175968	4.275749480554622
6.1473398085829025	3.751303330189168
6.065969267474799	3.696497089975614
0.21782809787277768	4.698650432112401
1.165551300406017	6.181354944561978
0.7053502764658464	6.50830865597541
6.279579718360014	4.055356011749152
0.9283586868947392	5.111423369712954
1.2659283725655177	6.218706313952575
0.7500925200700441	4.936958245740106
5.766145706031984	5.816316000809092
5.499194109105113	2.9290237255717093
0.004294341020399606	5.492163183529572
4.9245732092078836	3.4538620746457616
6.133077183926272	4.0953322498634455
4.102408102693353	2.9044843116320513
1.0727062322372811	4.980715609117393
0.9471236994271698	6.049074598787464
1.3180639264606246	5.092308891951188
5.27162816405655	4.497559134750631
5.05908277336283	1.9454552629364756
0.6639739795579208	5.9005564117860185
5.713274445754977	3.308412983266697
1.7244359759479306	5.793245925424655
0.5477607943920741	5.27079550101872
4.1631321948960185	3.4624942161456076
1.0562023293386287	6.118475900760263
6.360340057620801	3.9386173857854985
5.389277594713564	1.8226620853447182
0.7323037821325441	5.647345886372648
6.587410110017377	4.1357895301938745
5.165200947329979	2.9701013341552525
0.15650230269395005	6.198000866623529
1.1646282129893848	5.825025337200914
5.4968498870821065	3.2271655779397754
1.5676646383546142	6.6011051906465035
6.40368690714466	4.647826973498047
1.0604378217544497	6.001413154744323
4.592506556698968	3.0068891980524954
6.373305838475325	4.387381980157605
5.1149805982844745	3.490964252111004
5.750260254816347	4.112680099163436
4.618383674394037	1.9737114289372357
5.555928391955888	3.26291559333168
0.4783938739480671	6.819580034104387
5.87133105252772	3.992025561965196
6.220854796258674	4.387125929916215
1.030592727258736	5.990424913080813
5.959280530059999	4.489779299666225
1.8135701067173393	4.037655934124128
6.0808784691116236	4.574869758758268
6.570847382500212	3.3436234265312743
6.756261090601203	5.265792168088299
1.9084733209001299	7.339645518008503
0.8956881829797657	6.318137865277204
2.038924580275482	3.6581630890779486
4.882955516870044	4.065710026089908
5.136397942610204	4.197794309542824
1.1793968941884432	6.3681216434806105
5.951899438869705	4.019956619392691
6.003378046821953	2.7364292567112245
1.737498982959675	7.0245460552916414
5.82866164345791	3.766271909802995
0.7932973627383563	4.699569065731095
1.197926988648484	4.987984760913647
6.495627800515838	4.832465479779607
4.899301670622322	2.4300543742047713
1.559878131638202	6.010315733986602
6.445872757864969	3.229186398711668
0.6818754897615495	5.546829878411086
5.895299995296896	5.957202687920107
6.933893342018757	4.730866000569659
4.526277879505445	4.178112155739608
5.590141413133277	3.6354304355003197
6.690443885947612	3.8613468391009738
2.2314408211328334	7.318093071199819
6.466256930670754	4.254835007385604
5.791997894609047	3.135723492355419
5.7398114394478865	3.823434448017394
1.3630787421205244	5.893777998711614
1.2631726117949387	6.468438876287085
0.8583270898471566	6.1465105127273
0.8284041729821866	6.097253938180815
6.490160648303881	4.6460162265618115
5.885239099019203	3.2456387172128087
5.485023444476008	4.063164721344985
5.900639741106043	3.3218767234594817
1.412828464229802	6.4685253209608975
1.7708051195242418	5.678314038132742
1.8504621617781243	6.852137105184719
1.2498053886889597	4.436048400067555
0.8695075972367869	6.250286343284743
6.996408910390358	4.0581606445271055
0.9531877197208363	5.6633529260659214
5.2776367263997646	3.368444147780803
6.074888224289346	4.3459778377178395
1.204879037619873	6.345842039866911
6.264942184717548	4.6994148499179795
0.4786872511438731	4.875828717794969
0.7513773643015613	6.5118095589260125
5.953594450831241	2.9904487819295626
1.3028409729072656	5.1497082056873795
5.060242615292403	3.0003157322080916
1.6184606797893255	6.721993274640061
1.722822074117302	6.622457215322175
1.0341579662939966	5.291505146939283
4.384256175797564	2.7425501120360947
1.6847953930702215	6.640177168155535
6.699422269531755	4.317466435661299
5.833918293148837	3.6279351304928245
1.0142231068838037	6.148203489958415
0.45604828906874706	4.738760861554636
4.6014484499510555	2.2432683969311182
6.612745102836436	4.517365822778944
0.5568608093791589	4.415313650761691
1.38170210364146	6.7427916630534614
6.607652650137657	5.083180573873388
5.834470470021717	3.5474130045347505
1.4660507812764183	6.710111057459287
0.9114151371405688	6.932804690895764
5.008622885825256	3.248242286958569
6.055806622579664	3.949560531802548
5.6835310382236575	2.4999365658966353
6.1342302310132055	4.030700604450826
6.340000696645912	3.452140749709133
5.657353098273633	2.1886365329307527
5.708228607943108	3.7522866651520554
6.216239101212412	5.185497050213381
1.0675060296854482	5.702080519154271
5.462215985076224	4.6357447616686684
2.27832202423555	7.014495975990534
5.609311630925438	3.2020731650879686
6.38155893602659	3.2844151928692447
6.533602521628612	4.04352184638973
0.9836734905110767	5.283383626499221
5.735032030895635	3.2510802521546514
1.8980248207908583	6.646455793426959
6.162645673012127	4.010915898558193
0.6684891187505609	4.686619322401418
5.944663503427974	5.496078173868753
1.5087817930604732	7.172527972132139
5.4806107285728105	3.6786558682627786
1.0766449765081967	6.4618081709440265
0.21208826916386325	4.600256758459034
4.931941443197596	2.511533694650695
1.8460521441410573	7.174741039164373
0.24829697194437728	4.433264722159592
3.8785167733255856	3.348600714181907
5.524518836618785	5.306886084219755
1.3928476637289384	5.569255425464651
5.305480030278723	5.76768219789324
6.001663962180024	3.6941353432616584
1.6501506303668498	6.921140562874718
0.6781264489826548	4.386687827627489
4.185611586182105	2.9562896451248193
5.293340029685576	5.69804220650048
0.6678640865109567	4.3193535687446785
1.1002566394194573	6.20269022065688
2.545475971365783	7.432956155296425
5.848558498774221	6.131828606894323
4.989827762281356	3.450209105053183
5.593587857798077	5.4359924082167455
0.9881543779090743	6.15424941469817
5.874323828351404	3.4919825296894498
0.45505952019098217	4.772967982300129
5.49114167957717	3.856234204202861
5.814112881141269	3.8510076835212557
0.9384087769296302	5.14225442579267
1.4625505208855911	7.529759546336205
5.848458172770786	3.9272732800500125
1.0012467371451435	6.010654887044715
1.286716585794773	5.943793623921392
0.3825382870431826	4.9113133227486365
0.890450920528309	6.22068249206365
1.5986545675384924	4.888594078662443
1.0043457920554824	5.951474807116359
1.4013818513299974	4.738425199931871
2.142979231325422	7.10265968656675
5.9705132234178855	4.265078657682457
6.2979492418124225	4.541117517899929
5.247174014191332	2.4970329897171823
5.260995382712759	3.8551664224629594
6.191527468617885	3.7385262344258052
0.8634414369574139	4.58289126966109
0.8016134134707222	5.68456721196302
1.0522977392465704	3.9024685492685474
5.816701803789734	4.874679111936379
4.804783123678041	2.700077551469157
5.872581102048894	4.728515506020765
0.7802670271924046	6.045179844924857
1.1223273434196799	6.553759508348851
1.186873295519885	6.469356250913926
0.9623695641671619	5.441394368685574
5.188733250898322	4.5449106216939725
5.806511042418214	4.113768615106696
0.4951699862669564	4.499968382102186
4.939788726901515	2.478920991456487
1.1855104920100927	3.5282647489134553
5.748250327476542	3.7495509291319093
0.9138379795047749	4.68501105722704
0.982013441295106	6.021159586855045
1.5389577217730395	8.114041127445745
0.998824374061814	6.055431267687711
1.0934383717784668	6.027650485178978
6.227959062262849	3.6740709582276603
0.8058301636758138	6.315395349669846
0.6301823309247071	6.22638317225841
1.0201853906945888	5.708443373023843
0.9516315616724846	5.778155677840959
5.7572483940294665	3.703230127418838
6.407592993880051	4.498002476440594
0.7049854722393927	4.824713818713939
1.8433020984243504	7.5105038845778465
5.955790358921661	4.036323965830252
5.994928343509041	3.9652851528235695
4.628693718419259	3.0428625741250994
4.9329119286921195	2.2549732367334094
0.7342701403597091	5.8555186685653435
1.0009266981862786	5.429981300341533
6.060141416607649	3.4896696909067484
1.30339768808578	6.6993479884705405
5.51469099541507	4.454022996641154
5.930966040750796	3.8267651152439197
4.118176232109424	3.3824052225422854
1.3222846939730504	6.677877942012671
5.939455421561478	3.8180182745387863
6.082899008024003	4.272369110644777
6.200511881937813	4.308610060751293
5.470349019820871	3.44538184391575
5.418901979250356	3.7357884450772763
5.99288274987737	2.9814699242696365
6.17621132045317	4.274267169755179
5.9945118714974805	3.889260108177687
0.6858451509972988	5.272198067151457
5.9003360716790425	5.535410393524589
0.36580596004668875	6.039095715123488
1.0312796912365998	6.19835431831969
5.8588268453338905	3.4059677930052876
5.389342372829459	3.0610708113257226
5.064441720504536	2.5907387840994733
6.774803098833612	3.41175644924199
5.3668673744049515	3.571587940774759
6.19909165290306	4.353561565930869
5.777957235926416	2.9347096306633755
6.140911985277551	4.986297709016134
1.0491389594056375	5.665667675861598
1.3035801397822164	6.307838768883068
-0.05861879908642398	5.2375846213370485
1.9640454500285975	7.261734630506195
1.192151219869529	6.846435193202045
1.1885788829241026	5.865930899952534
1.6010489820172875	7.471407687633184
6.434071423899437	5.629381431815411
1.6207816033516418	7.2318132994655935
1.0865707385067251	6.737545616575232
5.504748020134457	4.314764390893768
1.5396178903714257	5.526136125522866
6.565622854500391	3.291507108298351
5.675390759574553	4.1017615781395715
5.759302056989347	3.6533483942475677
0.9767357105199669	6.294314759840538
5.835626328703981	4.983598900429635
5.5375980642376526	3.9218746009798107
6.22026314008674	6.0395022413151125
1.1820573809903236	4.444915227325055
1.7480783319586348	6.569934012912871
1.638684236592891	4.0990970274779
5.712139119699423	3.817214122321174
4.426870004708736	2.8768032441161466
0.6910088655995955	5.51075627439237
6.299243846015571	4.173988835366413
0.8079994787740912	5.208427291140339
5.732420506072091	4.475483193015411
5.948763958079486	3.771715369851683
6.212303551562012	3.800500365515661
1.0535515840885852	6.038683864807833
5.21285417666398	4.07751111778538
0.6674465343229183	6.230371978491411
1.8779102044403218	5.114199044912789
0.80906939111064	4.856947168049115
1.8280733913600706	6.852833571504198
0.9209845723602248	5.471222437901859
0.9699046250406402	6.982883406874601
1.022051514326805	6.041830024012847
6.41811589974333	4.653377390507182
1.024298471909671	6.040736192639806
1.7504236580775474	6.548450278731972
5.571890867560669	3.9458019428305446
6.075241155525638	3.6232040688765275
5.609642351363323	5.469690012503327
6.3675831117632615	3.8462828055953606
1.4785902940112647	7.459446118420538
0.8411722280229452	6.190649879455007
6.059856198411549	2.9773841610368406
5.791765882681066	3.304100963815423
2.0077066626042357	4.48592196542236
1.2038775679432083	5.503601012375768
0.2296863694913075	6.079915655835533
5.63180678097344	5.965469716601998
0.6842051923599756	6.293223085864057
1.6472725492219713	4.9246100018230035
1.1436000056107842	4.711220252450652
5.336739765035059	3.515543304561889
4.003646528953686	2.322556177655965
0.9285178072734167	5.669633503708042
4.945088873034245	3.2652007266947978
6.091581058366551	3.8091152723221504
1.1726235053928762	7.052587424539673
1.2016256007402508	5.973537148082724
0.9960838157007642	6.083597087873937
0.5125748003992844	4.842769390351005
0.5039078270845752	5.921190792155881
6.05744274553344	4.236339062907907
1.2451704802265804	4.203607726369329
5.898611803882259	3.8490894225848167
6.148990689348244	4.484002658173189
0.9732730033521746	5.939685598146361
5.125617214175858	2.6039916614558685
5.296360596638028	3.1927261405603855
5.994531000995176	3.5941539956335817
0.897231414581984	5.903484229687836
3.0354052247932444	7.9328526515780675
4.339409774129425	3.0180935723356046
1.7146980255327828	7.504994994642812
7.152451270489931	4.559413863311622
6.453854607646677	5.0380261774519965
6.00198768315706	4.0146484461878424
1.7825811763628603	5.904042352571275
1.3588023090361352	6.343973931862054
0.9843032032728632	6.148105165982679
5.916418381609775	4.169742586443391
5.624101151505084	3.4385343416561542
1.8494342534966544	6.313748715446444
0.8366689321778908	5.391161695330547
6.084161015216854	3.093478021755416
5.029820222985531	4.428455562796551
1.0491886119297553	6.02415789450767
0.9789326255566425	6.060004689554894
1.143781631423692	6.07674581183661
1.124329080728666	6.095514708606164
5.479078067785566	4.193451443325727
6.0289730887923625	4.0749633179373355
6.361124350062194	3.0420664758744924
5.30820586639101	3.785761790688483
1.8296550306802102	7.11183806297284
1.0549166962301766	7.907178346089578
0.26879389903967776	6.786858260488282
1.3160246204883062	4.58715284267165
0.3980898249544539	5.958817763772697
1.6656889028845763	4.35937366692641
5.7324902185608035	3.7221673109608964
5.999509607949109	3.290978455423865
0.7413012512354442	5.994874316155359
0.6709405057737545	7.514281037800549
5.601621623016056	5.207399041096885
0.5082794704084158	5.3099292928426
1.062282608911619	5.7084968931139075
6.1913942357484535	4.0886015361829235
6.15051130876228	4.06655827028033
1.0253141399774783	5.805716044425121
6.0671698515812755	5.811559938363507
6.009116456545073	4.001375403864441
2.3422972645247713	7.987038817775792
0.744636606947383	6.098883641245676
5.689321513856445	3.1954194779081857
6.073903076262096	5.274769561208473
5.6652688366461605	4.399419710358887
0.7200131317899057	5.376330390149044
4.993061107574533	5.55516392594857
1.7750973090820976	4.712435864957693
1.1120490653082138	5.620929182774262
5.967410736463138	3.9457946846841288
1.857660084871624	5.927084657270333
5.598803340899183	3.1984101780301537
5.353675340911857	3.753415940911049
5.856971043826682	4.106784976128765
0.712437386017126	6.283662561569903
1.394523229558223	5.92589198085849
5.778736529469872	4.845430382271668
2.1893075416860226	7.891025535004122
1.1986711220947723	5.247352741654996
1.081050138170319	6.334376721704063
5.477221101661915	4.062951504844079
5.74574974693664	3.5400413615085156
5.682057289483343	3.6419755721349425
1.490995216002052	4.969415003452406
0.9978849979986537	5.979083085225302
0.36610417015531926	7.074882703395881
1.567229643191053	3.9002210418810477
0.9101801038810342	5.231367509742167
4.670267827054836	2.127958921590409
0.7671277645159673	5.363441343020748
5.887907530726442	4.043909840950729
5.935289154017097	4.375333967536329
5.886161467609431	3.8913778489517235
1.3991872190122345	7.0780847007191925
6.253799285245115	2.4939659134920764
1.027442938014579	6.0766516359066625
1.0529849888153442	5.672854746288521
5.078725229069709	3.416022281125402
0.9579197341400068	5.660835660439182
5.0957034651575706	4.860072617582498
