2,66541804007954	1,894529499518303
1,8533159253941596	-1,0912961343151497
0,9509708457090833	-0,41074735840128146
2,3155879131985326	-1,9515471422841997
3,2057808721935506	1,7255656786612055
0,5780364194828314	-0,8997561910524617
1,0711466650331456	-1,6716499908461784
2,0224717284432736	-1,7643366719276434
1,924508767013084	-1,0847237157902687
3,0445961014532683	1,589313797469774
3,5328563084476676	1,690260638190252
-0,9358757507671448	0,2925203631829332
1,27316133025991	-1,3878045795742473
3,2940974635123483	2,400732423422165
2,9987490108805734	2,0071563202791425
1,21888947340783	-0,52707483070544
4,193628347761161	2,0099744182630186
3,569763832849354	1,2804036408835495
1,3372037573303308	-0,7938042112217832
3,9607663203181813	0,8581113122216092
2,8222685131834906	2,567958774584095
2,2364522127289748	-2,8157918162958957
1,3526189303864413	-1,81198994914953
1,5706180475015161	-2,459211150992121
5,316910259469905	0,3301108800930699
1,0969382842830013	-1,010489706593023
3,133003275935181	1,7511860130913417
4,321456199460971	0,5673042330111402
2,285980322856635	1,9413442564151349
4,943351106598397	-3,045434662536596
1,392849272577527	-1,04854638658711
2,938377297458501	2,093908142872059
3,0469842198565944	2,01693143865637
1,4021430117738019	-0,8527964830599594
0,8931454156625361	-0,9027680960592408
1,076874023495543	-0,8436217066060043
1,1493388512009073	-0,9356109002996157
2,4996792239962033	2,140431856481535
2,605632770701763	2,4678432987802768
5,23055961506101	-2,9389589411213466
3,5626516465097673	1,8828825068324189
1,0020553175193647	2,9011357171203156
2,3378908858806744	2,08020846140707
1,9597886938649904	2,1933176343986425
2,7487975495245927	2,0002803049464486
3,28241374666756	1,4382236247831184
2,567883673192558	2,374239827815543
2,91086929101208	2,139052638888255
5,010668825720966	-3,0357295978030168
2,4262076698711943	-2,461918654923376
1,1219449893326916	-1,214413625296009
0,3672713000302871	-0,5737642526359295
3,2687586521926217	3,0048281559758725
2,146036572503784	2,5677451884509406
1,5096109550997272	2,450705521019535
4,062766252128949	1,5933115659161747
5,002472489118573	-3,0641390753988187
0,6908838728878882	-0,3863832898912498
0,6424570080535515	-1,2662127563986074
0,9406228680672749	-1,0733314136620895
2,5189160607377827	2,488890767545618
2,6129857276980353	-2,577474947654057
-0,3950893584176196	-0,0420550398824
0,8641713151020372	-0,9321019511075792
0,08987559062092176	-0,22310506239207328
3,2421008560715894	1,317615210868182
3,686300859234426	1,6577727548802157
1,3046538966426633	-1,367166926504505
3,0033265906417586	2,0275223290229376
1,0552355001509441	-1,2275544910825718
1,3776940584368984	-1,1355226859711403
1,6503795878233551	-1,7004368512119221
0,8197217729590134	-1,1443728991658098
0,5486630157111699	-0,5364024875686
0,6644504387092643	-0,6494778854924824
2,862600096746715	2,105730006103761
1,9455659260623228	-1,462126233107807
2,4847337239913534	2,8384773165161974
3,4513832039099106	1,2621154304556614
3,828815306931868	2,1284515667919153
4,027981775327705	1,1173081542927359
2,5264376637051504	2,331161874077233
4,958379331798815	1,3396250785527983
2,049475663442248	2,2059590078076807
0,797449490405522	-1,03452219037878
4,785638472829961	4,2040241514603105
3,129099941174064	2,0970720843835036
2,8291744058983515	2,0546131102057226
1,8649810244315508	3,696317763180719
5,083237775112385	-3,009607846429712
0,9282787552482507	-0,8148543947029143
2,967914744700652	1,9516981557149091
3,313515048344088	2,1321291029260547
1,3905767656880035	-1,1328764303613752
-0,048756838874084885	0,2927728575065984
2,82585481662029	2,023826509251734
0,4977475966116057	-0,01612917255358981
0,9912455539604358	-1,001053374809523
2,6639784690068486	1,8036966092236
1,273096438980215	2,6820440106007504
3,2168477770678283	2,062651586655952
0,7384520684420858	-0,9617735731844322
1,0386573047103724	-1,1408590456039704
5,195529790310275	4,1535866156830386
3,604418307054986	1,6930102653536199
2,8647549537300194	2,7235475837737666
2,022601904494034	-1,0929194764550099
-0,65457783417555	0,12950639057876345
2,74520186643817	2,0720860678076076
3,138974326413909	2,253218129001889
1,3497939867125628	-2,6847348586957804
2,169565959781758	-0,6068943888036762
5,015739237217728	4,101128099975483
2,7726719349037396	1,981653349919363
1,6915163857917337	-1,6466521327852104
0,7106996700791844	-1,0188533157094597
0,961145675831378	-0,22442397107594647
0,6275232846155789	-0,11000272135707134
3,8441669197640653	1,5084688633174657
1,9083634602084845	-2,101484328903573
0,7478882152453519	-0,8716101023831109
3,1398232237198593	1,9809810842556952
2,0619539008107743	3,66105826000458
2,659698980510967	2,0603230687079077
1,782832225803497	2,3551061239844153
1,337934228281398	-1,321970177490792
2,5066624695544846	3,000445818877288
1,5497781743043904	-0,3277680345517785
0,9334134372802477	-1,4128455010422678
0,9643672812327939	-1,3453356056311685
2,490181059835133	1,9985716503306505
0,7005189987187344	-0,6466781550514311
2,9930409499506956	2,120968700356389
1,3635144592429687	-0,9292990950764166
0,24804599010770062	-1,3455455141051391
2,38672651719761	2,4489529996124753
2,012654499709585	2,0595062036763494
-0,5151212780883911	0,42650529329711384
0,8395473931200126	-0,5018408295965742
2,5014734947860147	2,701679939281152
2,6758838989422475	3,0756070813243266
3,466052620699653	1,7435626897034922
-0,3746548624785089	0,6647385364287908
5,123973623148848	-2,3123704599612607
2,550353247618931	-1,8399796647924207
3,004344861367976	1,5444111690914795
0,9972389029289747	-1,0003221069378279
1,3739037306780348	-0,906990406489201
1,1495221198212948	-1,495434386017847
0,7850197743100048	0,20994078657650384
0,426133949195003	-0,20070312093417353
1,796878140783503	1,8467276296379618
0,6216038992908609	-0,6515806892150873
1,333149639988802	2,3437782492086248
1,115563030834105	-1,024857020010196
0,6594531190290418	-0,3430257939048653
0,5130862607332896	3,5042492882493326
2,5829422359470944	1,3601806811338355
3,7176955135240606	1,4098988626481268
1,963625891021458	-1,3642251740990985
4,824579008677566	3,7779588593871183
1,0988092088414014	-1,5714476836934994
1,1538767480328223	3,1394424417032525
-0,027490210273100724	0,20854358065836187
3,7061398153592098	2,742963176551889
2,447942428749757	2,5418722077954894
0,3111304820376508	-0,8601173060583027
0,5469110270902274	-0,7474873230796243
0,3811610164971393	3,328535510408561
1,134033994869037	-1,1961703484306878
4,207886505309227	1,7095427915296497
3,084969030362335	2,0188909122109897
1,3709328307684485	-0,415810108084642
2,862782597810156	-2,8342066795696983
1,4109292036131726	2,094967666575386
1,221345591554262	-1,2155030848171031
2,6498813927268405	1,5842396961149139
2,5782908547182966	1,855042236574364
1,3897126641807305	-1,2420568402781311
4,014550130903421	2,446621420726981
4,956144991960216	1,0757621373431145
4,5034859190264935	1,049454059979633
2,7150385402348007	2,3021735833095147
0,7268156026814035	-0,8171855679422708
0,8890989388504149	-0,8899889469607611
1,8657595053705784	2,4633026730856105
3,0471807052477087	2,3018731682297897
1,44146104509434	-0,7174261133618893
3,0359479654297377	1,8385193725541689
0,4302938417995845	3,232820996735011
2,0282567693354157	-2,4911012226159306
1,3431964912629326	1,8263182303258967
1,121435298703007	-1,23035865499151
0,9898905952192353	-0,9783511858690457
2,800450696793188	2,155309161235618
2,6760634696819667	2,2219550278221796
3,0704031145651784	1,9292197861480052
2,4700550336512643	3,443469042574322
0,7783612304460997	-0,711426887093232
1,1350319149936656	-1,216214220522535
