0,002190179229514533	4,210580970677493
1,9093653828885944	6,203587344594631
3,177214500822258	-3,4606050556734846
0,6516427785765309	4,235317882102582
3,4784499781197153	6,281167725459946
0,9882095071568731	5,31793153758758
5,659148153059427	-0,7077570008470262
5,211545508045949	1,1665992710315045
5,78942518853786	-0,44113764904555586
0,4700739225297128	5,4384438142264555
5,5194663284061445	-1,305004955289501
4,710268367647497	2,6181215604084107
5,588800565910331	-0,9509343188034662
0,2129429930202399	3,9919852071509982
5,584386334412392	-0,45939393308669185
0,2415401935052396	3,5210439636215884
-0,2659962217413495	4,294010689249471
-0,4743438871175363	2,6953068650041643
1,4916342500689774	6,234309310453533
5,591806994392912	-0,3423773589380992
4,805870010964791	2,579310956158678
5,224584172284801	-1,2768263313048316
-0,2574880774476761	3,18805624401784
1,637376164674607	5,615198067186789
4,74200310077553	1,4893414146838655
5,713511705889536	-0,4826049577996594
4,281343654083027	-1,776780485385863
0,11846157200344154	3,8757894515969022
0,23393780224938443	2,966936446318532
0,2570115068774126	4,589807999870118
-0,6710067088034155	2,904818697097257
-0,14157844949727694	3,0327192862530854
0,09508962231198109	4,1071107414249335
4,145289145632212	2,100957707058377
4,0253294208251775	1,9035517012013659
0,4434932114620127	2,4600498178792742
5,712195291543295	0,315987406102751
-0,15513474618991008	3,8654300831970625
5,752861542097825	-2,377291277424699
1,5905067029621858	6,458909142928349
6,439943708451073	0,7298998269556567
0,07264276696126287	4,604525723236233
5,615972471061882	-0,0360094817523362
-0,12446358528014023	3,6094989936207886
6,289573093889234	-0,472041524620068
0,7111096552950129	4,852178730284313
0,03546176547496327	4,133997389341822
2,6257115318111977	6,8990301463305315
-0,4481659588105018	2,5718221429868717
-0,2295997601401527	2,7162775587970973
5,5940575981515845	0,19604549213640454
4,478113546118431	2,277016877442511
3,152527290596017	-3,8105130176008464
4,790001637170748	0,8850206141410399
3,9373778827461376	-3,707201086620448
1,6836218073865459	-0,2778050131690728
5,133396891059575	-1,3763055708323775
1,261269617922207	0,7788570847208458
4,408729636040516	-2,9030786500714925
0,39793637704423557	3,863222298412171
0,024452923855238784	3,543326420381679
1,527989675846265	5,803448571258604
3,9996524758911103	-2,3190857052119656
-0,47934741672623704	1,9444722938382037
-0,1311359690434587	3,6670316870286346
0,2827218682603719	4,52765984730011
3,9270287047868204	2,5454158961608764
-0,12885867195155426	4,510258599836014
0,4408189793391488	4,948629460594327
0,28135143526624173	3,3275133053164554
3,3622808034499623	2,916584567894683
2,27119617450051	5,598140206198924
-0,2214851405798849	3,3712779340420163
-0,16046092109084265	3,991587535377687
6,000495857726903	0,7233269395704077
3,880542921704482	-2,542953151798825
0,026967276606241042	4,166038964374604
0,018450895810518397	3,93203061674358
-0,1843153100649102	1,962979667362192
5,17628728849748	0,7463397589132206
-0,15926400831676701	3,2580830874021016
-0,9446008281877221	2,3673128955077845
5,4202737704093025	0,7400335645267004
-0,05809754547363111	4,143650379924539
-0,016554389628470445	3,820191447419429
4,856388764054453	-2,31123995267658
6,313228717315434	0,91616087297261
-0,14628539823957287	2,278807298899437
0,08363503160434821	4,61760316902955
0,8569540364544997	6,266054809025646
0,14606524113655134	4,528419782074761
3,9890745859278702	2,050565725952214
5,228079660815157	1,1686342197751425
-0,08086907356548945	3,789550144113978
5,517046387929326	-0,9453450100180829
-0,44833494038567934	2,908934687492772
5,5457347702693	-0,43059017553237444
0,012965010402517962	3,9053054878580116
1,1497123607532433	5,592326104796586
1,3127254469159575	6,323051282646495
-0,6844095805765459	3,429994787906533
5,336761970673334	0,5399415099726705
-0,5842903242929024	3,354824900475789
5,16398797412818	-0,4062982997894218
4,659687537480646	-0,9851079553398598
-0,24742160197125584	3,1046142055581933
0,08952005343500563	4,46111909192238
0,024681461990141096	4,079227920540555
4,812949202684395	-2,4306211762089474
5,359494000469462	-1,3700289508346295
5,453630317882247	-0,7866606076296061
1,6694347517794943	-0,06876514100198516
5,102533925137204	1,5280504459510391
-0,2764031497706487	2,9071456404309544
-0,34661376397214594	4,08192993354606
0,12853009723114683	3,5657205304439143
0,0003961978908957331	1,9500550208532563
5,8383210150646905	1,768972407175984
5,618915368446873	-0,5688571459309111
5,642652542269841	-0,19552623148634019
5,198526259652589	0,6403703080898486
-0,21793878179503734	5,303828360635217
0,6042504838055944	1,995973885507381
5,7940754052738095	0,9842281428705192
2,728124747278471	6,318958359541156
5,674722228468733	-0,3876946922198299
5,362370196398221	-2,4855228658972868
0,6786798871627833	1,448226479681661
5,2361642906321695	0,796810613766773
0,34597508558241685	4,652871876658919
6,003818406494492	6,1731870142070315
0,23634147711344222	2,292437962009006
2,692662790725942	6,39163912239759
4,872459301179503	0,7656572585035457
0,5113070472477277	4,876286904739632
1,2805897800214119	6,194669454263431
-0,09742859095310752	3,8714513876215637
-0,07308522807615536	0,7736353262574229
-0,012167799590268868	4,283473348393916
5,912078946601213	0,9890351332931059
6,377322359256744	-0,3381406447696609
0,07036915943813951	4,75587349863278
5,652827594152473	-2,5843027062638972
5,785851618144122	-1,6098279982400652
5,717459390848924	1,9514908743930384
0,4314308185699489	5,369061365641103
0,24255944003933022	5,918478840182466
5,266339756428431	2,1204777908868677
2,6454862974656366	6,213693038334197
3,2666059964699157	3,0173008049732943
5,333705762077227	0,704834077305128
5,641692968881307	0,8430653191710725
0,5461971220883766	0,06602781102944455
0,27443369037331095	4,048386869620407
-0,19276108401318814	1,1120815903443848
4,815851650378186	-1,6902206983810963
0,4475052463454602	2,99169260601611
5,700790301483856	-0,04224166463697521
0,26529936112241853	-4,739020368681338
0,8080906399769467	5,032729741626649
0,246521982687975	4,627193910298259
5,600287420582482	-0,00994767749749026
5,491787032094011	0,28171549788227446
5,505093404170225	1,1343680741776803
2,893226071937534	6,3457953209474
0,22596216562753124	5,287959508296844
0,2134421904374133	1,4447245118873004
5,4703572192876635	-2,5045786881674412
5,2087773791432195	0,048045908293667505
5,5883000759191725	0,6236011771235577
0,16157613481519564	4,778511254861905
3,267847465275655	2,7514454065047156
5,421076874572207	-0,3598131545546954
5,50569858392521	-0,7576591256453145
-0,2751935896053397	2,9221600082764736
0,6731450004284927	5,604852487537633
0,10014390569567566	1,7991787595307196
6,304699185229567	6,308318842295413
2,0992510875583337	6,408756000627175
0,7773793469147576	4,682499745921677
5,96685154405419	-1,5671093080286098
5,30914245856924	-1,3279493361514292
-0,30922441093238706	3,744283526399453
4,939024526115772	-0,7271530564239364
5,353661458335505	-2,211883009548691
2,0820082738763115	6,449841338512376
4,002669818217584	1,9983726407525433
5,18051037553121	-2,4623816852188645
4,399956200522147	6,460998820260316
5,317105814342686	-0,0918676711263886
-0,042344242636445074	-3,7802311119478045
4,165009312037226	-2,7322416618978282
0,18466613886426153	3,7137830865091326
4,654318218070044	1,4086975502327608
5,431808958852821	1,1788476597229192
5,553054906580695	-0,6323528618446377
5,0346331891585665	-1,7761172033727164
5,7609341651124355	-0,8142647108336092
5,654505268757832	-0,5920739624862528
4,9909569126178255	0,2758957646047253
0,6005494549180208	0,5871089107666161
5,423025537253773	0,3150723615873168
5,572759177510708	-0,686920333213088
1,029638024678976	5,464442038430107
-0,03506312803457401	3,4607533934958217
0,0025678614193569427	2,944804855943141
5,212060230134976	-0,07003683560206664
5,338581323587802	0,2876636808634885
0,24727197550192176	4,36429047127119
5,918435777002743	1,8051131848972453
-0,14181064468822124	2,103163864038111
0,7812658482874453	2,1343123191229054
5,65370244270385	0,044884367925813295
5,097477468818732	-1,1902890523886784
4,139643497421983	2,153861963255289
4,518401877864053	-2,711833062815743
5,050609897631588	2,5668807139687693
5,561938340980517	-0,17836152599674948
0,015878798811063022	3,2980327015548383
0,7667074117801607	0,7291198251073574
5,630452155253855	1,6012020168741792
5,601197679368419	-0,5359140444453452
5,609902353589343	-0,23669769217266512
4,019352555520641	-3,0586669215688462
0,21471519928531024	1,8729992447438417
1,2137031157712652	5,670304332731085
5,7836663324903	0,05466810419911505
5,272177780629201	-1,6920774740733082
0,8376355769252157	4,083444587147726
4,143976215864251	2,3159046166190826
-0,10715404411912777	3,0938171159733354
4,836869441450315	2,5893284116264255
5,620945246920956	0,16555880611367302
0,6246032964975715	2,9578516603530733
6,362342953740236	1,0826810184527929
-0,3642534954652812	1,9516353466865985
3,863693745920262	6,302229114973153
5,571789714883973	-1,5947770718594387
5,55184422108819	-0,14107384504546006
0,09430353380572348	4,586449367341978
5,325942732644627	-2,262682152153336
0,7675465664672709	1,9645576584085962
3,4104175753070245	-3,6243720701289943
0,021712202243275525	4,109750912086643
0,17849642997277404	0,8514003501257394
1,6313286844680768	6,1014652253722375
6,46146025613964	0,12866196256049145
0,17110426185671074	4,52216611715398
5,696199733865377	-1,201748609063573
-0,2078860697488366	3,461085384783643
-0,8565413716635505	4,040155954220991
0,9049396055679351	0,05110346166431956
5,145992763422974	-2,2512658201482223
5,323813245226617	-0,9481822194284133
-0,14073734059961251	3,3333492260607516
4,239253313908275	-3,5021423869393313
5,980009463365668	0,6876765080644871
0,3255153469001757	4,813255745111737
-0,5144405773392519	4,168366702568346
0,4716016398280206	3,7145018475749594
5,612659145064717	-0,10880383830462392
0,8950361847215669	0,9985929558242597
0,6909620558158602	4,226961154852772
5,76242367743161	0,08468785441680926
0,12824362339822415	3,3407510323749845
0,9087041172083592	4,4316650660917025
3,634437978576505	-3,3167200984205074
1,4110938845778225	0,4617708962146998
3,3169820740708382	-3,6571410837477023
5,772041594324207	-1,0118755715456076
5,302566551222013	1,3450133463787173
0,002817131121487071	2,6522639179049543
5,6472159515567935	-0,43262209954694675
3,657333360893921	-2,841608218404051
0,5855848509085795	4,437449384443812
4,414012792498848	-2,868905965250295
0,2197126675288102	4,520700113549531
5,553806348705219	0,5927905586548083
0,26215787074218283	4,500258054820437
1,6149199554585423	0,16266792813518594
4,064964474071592	6,595231648963692
5,502779499967673	-1,509119388874735
4,25294244948764	2,8050233221957934
-0,8190731614197897	2,244263457644284
0,4811812897673572	3,2148263133319355
5,232595811323315	1,573142298487765
5,635186269062854	-0,2412188347352917
0,42639618532387596	-3,608714410250465
-0,11063430252232725	4,518424485380423
0,5110623055959924	0,09124266218629007
0,978761337174207	1,3081067007533735
5,5977354476018135	-0,23019896244605542
5,649545585852683	6,4368039837213225
0,2568785384146524	4,115710656493529
3,9342874631113633	2,1120445189219703
4,027808659884114	2,7790259911061503
4,654361887175035	2,477179395492865
0,9709536691632018	5,963871825269897
5,230792100675194	-1,1526813267612164
5,1685391708203845	-0,7445451052306231
3,6379724499866133	-3,3698488245018425
5,229688382134974	-1,0024090271126365
5,173226505258261	-1,7049566912541838
-0,5851337185650637	4,185019604725557
-0,13094640372313993	3,8710430867101033
1,3637994391857493	6,214181363421374
2,860019180832702	6,252283717190652
5,03886322070185	-1,5015492487165045
3,756064532197618	2,509080374799572
5,428787956620412	-0,7407441097975134
0,04728982085708078	4,058070013382875
3,745331697028003	-2,8261255230312505
-0,26658771762473843	1,847024060950289
5,6746049399523395	-1,4505043079477107
5,517413901205003	-0,09403584311861146
0,16868203580877728	5,406380334781405
5,763112709474994	0,8243023823067943
0,5199069152849831	4,667530764699583
-0,4578093827152372	1,5716483552810034
4,886441922102309	-3,4221118491791236
4,412568425139402	-1,6579498812806996
5,14841948326061	2,226242196330563
3,4792351852571084	3,0317621923428244
4,834087131849258	-2,050606045997357
0,6331693000861767	0,8708107347436114
4,724013811095213	2,9188471353199232
5,436009966208447	1,7136076089576395
4,160290024193331	2,586879415446323
5,708475885893051	0,057155049984688455
-0,2719548056934523	3,67388199831254
5,112471634642148	-2,909334323188542
-0,034265302988856106	3,916420220507732
1,5878891200456846	6,364923979461347
2,357968154295509	-3,7936693524278957
5,325345358001281	-2,150624463622319
0,32683762149626916	4,891915854922639
0,4319187233100925	1,3768032815858042
0,44726536050118026	4,5846628163367855
4,745647187091146	2,1017136843060054
5,697568816533168	-0,6593470527897483
0,14521125382488156	4,845174714306499
0,6417321166206192	3,077624504393121
-0,759510954835393	3,6353442803564535
4,561099828933518	-1,47650350376702
0,739627053568059	2,8388160303402943
5,513658528916196	1,0017118169140573
5,211774723860811	0,3947263332047626
3,415761902536636	3,0345019612263897
5,551245724990704	-0,802711760812524
4,748826917989931	3,001502431391271
-0,1746394369363497	4,272707652325323
0,1240545551494448	4,26416087131649
5,290330820804276	0,9566355038827925
4,008654803215724	3,1936552243397234
5,880568051590335	0,13330898161462512
4,840727738820281	-1,9940501363461027
5,831500081633823	-1,563848237605302
1,2767899081260157	6,464250087004666
5,611229457631456	-0,2719067835880371
5,578103200489674	-1,2800120361192124
1,1112965411335265	0,6157474430007075
5,099029767612499	1,6205298200653182
6,207747182413614	0,46526723883026067
5,670080808504723	0,49357017874149123
0,6340675574755983	2,2564791420286974
2,2828417873119324	6,0083240390695885
0,7724842770771583	4,187979923694762
0,8969255239315601	3,9587125996212813
5,8166496425907965	-0,06901425797298488
5,201475072098022	-3,0387395622707074
-0,624967513294582	3,2629008959010206
0,1638678830383682	1,6915887774752845
5,720386572542518	1,4533936728917751
0,49278440520333144	1,5287418477746333
0,09104119926142645	4,3160844621807515
5,263306995646481	-0,061762890703534135
3,3029562104592416	-3,727591005360124
0,026258760815153548	4,048353014273324
5,128626556409238	-0,5044422455630178
5,217010894253533	1,7445443926961206
0,7188325962717357	1,9782330709756413
-0,3477697076365105	1,2231963591697474
1,4158181150147533	5,6322446230493926
0,1907992409632453	1,2142858866245665
5,690309962274226	-0,34459156712611727
0,005987147470303378	4,04143425705707
5,625937816500897	0,04684642904017755
0,27103573407339976	4,62336870887963
4,195710053401635	2,524955116706097
5,622637895474058	-0,30190816790971886
5,5097615455283036	0,02223559190626312
5,792241810846323	1,3824573041426018
5,602776669195927	-0,22488310006288525
2,8143215359625957	3,0300831921692355
-1,0147392513550801	3,548530522392719
5,7433434645705255	-0,532543434873415
1,5065874034128413	-0,005286860432519802
1,189397510531367	4,975162217272028
6,013646673186674	0,7848437830969399
5,430241272751978	0,856464991043562
6,316716037600604	0,5484316506757528
0,3763970167833435	5,1847112685288685
4,736145923129694	-2,4462091456954287
5,340179871144752	-1,9459086821742944
5,670459883122546	-0,2231244440623299
0,7399124395599619	5,783981604996641
0,37342559201243364	2,085731497674667
6,093674697483073	-1,8171905779499542
-0,038965945050797646	3,9700540709027785
3,3682574789873962	6,246274784947143
2,322617352170648	6,2610113351036745
-0,14479553140353052	1,9763558301917024
5,729493511666967	-0,7959740905759476
0,03481071021315425	-3,757492341563562
3,4606232853091456	2,748796917669443
5,9615860239630685	1,700960244110813
3,605114291688096	-3,643064441972796
3,9408594183595365	2,149200540203583
3,819062614437433	6,390219031538553
0,3762622680473804	4,656565243619671
3,388159216495643	-3,6387066339464043
0,6293504388537097	4,790274129303419
4,08685138167473	-2,0566573995314705
4,57663025399227	1,5680474357637149
5,5420046055619405	-0,4612131872730234
3,187313784312644	6,51859400943702
0,10003368643178645	4,088624912661121
5,5643671080615915	-1,2017567517981502
4,931472582836093	-3,2058856556902846
0,2929912107197852	4,760950610661757
5,321099838382894	-1,5429280455967025
-0,587068612719319	4,691464405369887
0,6316419636732811	1,7206501138897612
5,545343657968982	1,4241757161410975
0,019001895216721132	4,124063040775208
4,461707616678926	-2,860413677148026
1,1191679838088469	5,342406864329259
0,10199640975052715	3,5762531435031555
1,0324882056876694	4,956188896012277
0,028832543660256893	4,033018287440512
5,638703375152744	-0,5966445510510079
1,423943314860233	5,875359572008618
1,106713808212127	5,7953370011030065
0,0798210839945779	5,026587577643103
2,507396813044614	6,82440550988405
0,4247361850078839	5,223586647411676
4,638089141000957	-1,7988334716682506
4,860205656236348	-2,6411970226160655
0,37549522320150913	5,7169933392145635
0,27892325080841823	5,915728570625078
0,6279344122503072	5,4823400589991875
2,782187259367702	6,591202353529045
0,6037165857161808	4,36672238625047
5,798406548444531	-0,0871253241117913
5,310711155200344	-0,11831044222068843
0,06012989361141641	4,021691198080447
4,306491960341951	-3,7266869871589723
0,03460552331678246	4,079127928994028
5,758931490561489	-0,8649649023908685
5,237416971380092	-1,6231844108617668
5,608608727664741	-2,5515409904417288
0,0766882202882384	1,6220861849269408
5,119024618647653	-0,26601015542707107
0,4048061768309663	5,511387252501352
0,14515621731199116	4,787333481416351
5,358206331124305	-0,20646688158908133
4,475278627044194	-2,712663175117868
-0,6546199328485967	2,876719704758078
6,093407691233685	6,022128455702361
-0,7522442592771774	2,3350007938124206
-0,2262784087289249	1,0983398853019932
5,357796139384569	-0,7825060695276875
3,813290619050247	2,6620851952605555
1,3952499844968425	-0,45190792553101566
0,568308444984857	5,029930798293974
5,471295223326056	-0,1314141001947131
2,1332136248832687	5,491752083712187
-0,20966978898672195	4,031930508254039
2,8672855472117	6,616564007787277
5,458436939879364	0,6558532535956973
0,9796354770050852	4,90464812497723
3,480345124021523	2,565938629457753
1,2665455237377312	6,006377197903459
0,278774235888432	1,0427492381794585
-0,241616270189417	4,28690449343857
-0,4894809661105549	3,961660126966623
-0,15051831179762604	-3,9198097555966926
4,260131057916619	2,3893231755150537
-0,1391759500045765	3,6327603531736163
0,19620605210175016	4,861294240574876
5,8247975418467135	0,7965201750160336
0,14316797117800967	4,305228756846264
1,5234393754935769	5,540794659842845
4,76248615658678	-3,0743917911584
3,351732510897897	-3,1693026663809447
5,6144995597715335	1,7725950483151882
5,366756440455191	-1,224843986447042
0,09127437272177846	4,320678637494786
-0,048078849087279774	3,369941432849746
5,878945992779738	-0,41500039509072284
