8,079218174788684	3,7855625036135763
5,395937953308382	8,9641481326995
9,887856626644115	2,8092445898784
5,536099540491554	7,362047426858215
5,489094830554045	8,213147487768328
6,939967777239211	3,6639212060812727
4,548804868443815	7,146325541077505
3,6597237240124207	8,697321519726119
8,953503453525173	2,84115610721195
5,463225659740029	8,272188535349557
6,828151712842546	3,1567742101633174
6,159457586789861	7,728387666168281
9,065590680726494	3,068511498650798
7,6349151515123905	3,9078398632177316
6,295372292654976	8,731648559358632
9,197743730264698	3,0657737469008506
9,585512851190366	2,139734811235569
4,8221791202881885	8,181272606538734
7,559568849026402	4,415355308839123
4,82106935047367	4,550074071015171
4,977694079333165	5,6614924124132235
5,166966680214065	5,931590881290855
8,812412051002356	2,6618678314942033
3,9473297770566287	8,079470721110495
5,706497049105067	8,64997602830542
6,309906821198915	1,9056276106892085
5,567997216524443	8,079463912999017
6,877748551482059	1,6452479403301528
5,966555463801097	8,666845129237032
9,74412516129652	2,92113759038811
8,767085384007608	4,8772690178844345
4,84527671760665	7,188685064847195
6,6650553335629255	7,476927198550351
4,822923898138336	9,765945384695511
8,34793049030068	2,826369194291824
7,857718707462302	2,3543729412006904
6,1011117991498285	7,415035775251682
5,846819306318656	7,448319806778655
4,022776803067936	6,271851543697743
8,737455539761987	3,004797765656778
6,997265263520417	2,2338399667750384
3,458901551653417	8,651077205776208
8,530644907251723	4,425246545620231
4,389188364784129	9,212258823265595
3,7401130105734666	7,846964740672446
7,544180631918463	2,415489020325788
8,004060530427232	1,9302150801364535
4,653411555558231	7,500304852140287
3,879168179260807	8,393881242954663
5,061519865657583	6,989122139877055
7,489346236144827	8,40449083983305
3,9837753792938635	7,946156884974926
5,0445246640615595	7,422243735864308
8,791432340248965	1,3073749414901403
7,0224845533153015	2,4103945557458593
7,131405167183669	2,3533181942257926
9,586081141258024	2,379862354724753
7,266202040719327	2,4667305578747527
9,185675429079582	1,6917643420691153
8,462729424360004	2,8983506885484713
5,619936750575221	6,971913553251618
7,445280287432496	2,964214153833007
4,706539880817757	5,480255374465992
8,390195156530975	3,1851253890843347
9,034325405647003	2,9381115714558073
8,481180862828097	3,5140880892502224
5,057949616889726	9,327670663693754
6,84099692471813	3,7400319224168856
7,671747993573106	1,6965101238056404
9,303455578203137	2,609577849292461
8,734646842067123	2,909269485884203
6,086188287100121	2,849421040724457
7,247810418419828	3,0700903953841205
8,429285925912978	3,0772243743854713
4,296769598735368	6,04450073331292
4,602848427997155	8,294282912008509
6,673496320872589	3,6364978253605194
8,667343982939949	3,7468583616137865
4,057278358496156	8,680784087390816
4,313083042037801	5,870624784351094
3,5951890474967074	8,028771586505826
3,965599185902597	5,634629349178385
4,829047099971923	7,558554332488686
4,655689485704368	8,531904482707958
5,898349279040984	6,654279045098072
5,7737172555551854	9,133911850407664
3,5974999554720517	9,415770681679712
6,886446050593843	4,009678712990111
4,751336935836359	7,816176966289126
7,511625769551557	3,1883439695187556
9,234265861070357	4,527790227420631
7,739696456407526	2,8441931466746695
6,091770680495709	7,646337357451229
7,970002884805612	2,468227428507401
8,25295472759956	4,024678230012771
8,034511598833875	2,1364011971237433
5,408755893037894	9,455419560062513
3,6354534764147353	6,7800916993694695
6,375815756559422	7,190664840707299
8,741854073958716	3,2905812992226133
6,511273082279969	6,965406762870413
7,0643493077222645	8,091930335344177
9,196308641595046	3,2683158681368853
9,561452446062328	2,2383986389409616
8,854682006034707	2,404320024794284
7,397814125218479	3,506726180276191
7,545616434882039	2,26051339143054
7,659118988618383	2,9227114426893888
4,237435534256099	10,446049400238536
8,49011312903199	2,9984572144148025
8,653068178591734	4,956603623828444
5,025187042032529	7,645224274310906
3,5918754508603006	8,37158398591875
5,7648611767428655	9,01552683845711
9,075910169463622	4,760343154079369
7,785054760166991	3,5250615115369275
6,9211706084542115	3,6037664278400823
3,778675231801917	7,832518520649675
5,265805088239885	8,63481249416178
6,793252463958992	7,898074259471433
6,627972605525477	2,0763599408613684
4,500897781081164	8,09123906834903
6,554853269444344	2,699724209698843
3,6008495435917798	8,82365384596958
6,460093918474435	1,7508829399872319
5,412852914977622	6,878344356626759
4,921362288178462	6,827504020987893
7,4442056403202415	4,89070311699847
6,386798395027158	8,602028586749805
7,014395236419881	7,22378508975082
4,891310707699598	7,509052876517957
9,263553923357815	4,27223848022507
5,038868183258055	9,441014377771605
5,152572096885814	6,037963695330168
8,982802246083589	1,4497397905564453
8,195819781677972	4,249090219564328
3,2721005337634295	9,71359919958384
7,20333141542823	2,5584092920189727
7,370953246204037	4,014377550308128
8,59000295388265	4,042686713885369
8,69473481828187	2,582800293661002
9,654798200102704	2,362944438859869
8,322820772463219	1,9281883490277023
5,916479679725178	8,386567733892235
8,265140919341885	3,2838837224106925
6,260335126594569	8,025816952978193
4,344283789410638	7,313304569287538
6,037928194585479	7,018832956462937
3,37942041736097	7,803652981935177
7,243665379963117	4,306898730650064
7,171058327420783	4,260211753330541
5,676350757407996	8,103994047901008
5,956137037074037	8,58625702913358
7,711828042811254	1,9023815869710372
8,211839573021464	2,4098133723882578
8,078332321425524	1,6949027594047887
9,419735163459912	3,164737491474013
8,269009552113355	2,592478061946659
8,347770761159964	3,8591367626627617
5,661365818823132	6,620275627709059
4,072851673165863	9,316474540088027
8,187306186513936	4,98902824751192
9,478197621436458	3,0428026279385803
9,00858103447833	1,9196789183175733
9,257065276370518	3,743769575395077
7,840576765253836	3,3528620242698537
3,6795800354228216	7,97130829031961
6,437304111001948	3,6364423948333857
3,6571378411185815	7,354022883821793
5,56777855750884	8,0457873071276
8,332056358636656	4,250810462716915
9,532463627395408	3,094478490828246
8,01931369038484	2,602233161635513
4,917900223177486	9,218940720269037
5,007648411978344	7,963541351984306
8,246359265297862	3,728936357220636
6,927294998360675	3,0750885137268638
8,06721481743893	2,98648600651238
9,245610733365243	2,0669844729746893
5,7264130800824535	8,695655303894434
4,97965172573812	6,70467651352311
4,852225556230972	9,110082266177479
5,276389292792905	8,428602466556118
5,392886667218502	7,395301418509733
4,577665880073822	8,21895575448345
8,02457939768399	1,8503333199003773
5,9298046340448884	6,321936829013796
4,90987001216135	9,391187971527936
6,6841373769965475	3,3350037229088727
4,0251912138966475	8,673114377258255
7,1009875806026095	1,7881617992425456
5,700002961699033	8,612774428270463
4,1639745323512845	8,017486815078756
5,568853675842192	7,590777355679881
9,092338136080762	3,473607821105876
3,120359521360043	9,544473023245743
8,081409148349142	3,270052095129814
5,570713089027142	6,819965448787416
8,889837043252264	5,168255974452343
5,07756496113344	8,644778851110257
8,679572628131545	2,671425164378716
9,024980384882241	1,634291659548599
6,6659215559735046	3,6042324229502136
4,8777809719590906	6,152461037043745
6,185935644772312	2,2354845103545946
8,926993270895913	4,258699999870645
5,613186160927793	7,967360012452891
8,106005071301963	4,06240810923628
9,06163038380364	2,3907430547976167
6,710496863386607	3,074636576459784
3,9504817748697816	7,464574016290626
6,052077858777339	2,659603075625924
3,9827394924980775	5,85024782258867
8,298766509810951	5,194685309606788
7,119388842826115	2,3451649925451425
3,7655787739491613	8,283006784882122
5,1404952637988295	8,571185444658699
9,158820104528862	1,8548359165033297
7,870026737675156	1,6496184604095072
6,4095117131195085	2,2523077500121707
7,864070622139373	3,68178141072831
4,104515553398784	6,8557146656052215
8,162350545599212	2,9357935852277164
5,213392531164012	9,466414924212632
7,275080443340772	3,3935947424642565
3,3807776127723232	9,530855571541117
5,9871024566261175	8,171230242550074
8,135016245264564	1,3785040826900712
6,156940595784089	6,7258641192022
8,97209095701784	3,804145607823366
9,760241565006377	2,100605512906929
3,3295218461449205	9,59076871857699
3,4096513776978243	8,309410345644473
8,056905166450676	4,151516976475895
8,255201551597743	2,1238895610825734
4,985242036034699	6,638320480429858
7,476251281189228	2,3923905063396456
9,047466918236168	2,8489190051982485
4,231093778064757	8,162437384737846
6,113666792817117	7,885953526280081
9,194243288792412	1,9953439573650709
6,232096884099941	2,1901621628957093
9,300096951710247	2,351034076322959
4,727127575632917	5,20429909755484
6,249552638541239	9,239119516663656
7,232401142787916	1,5461213439485428
5,686084787273135	7,944780468854933
6,6086137400595995	8,070088966677048
3,7597778398095327	6,9784681546101135
7,415632248293595	4,771027945329016
7,454960295563132	1,6294713443783575
5,556983038174192	7,821652428085513
4,47714703043098	8,837329309665636
8,652626278476404	1,9162256735734173
5,083667324425909	6,021327255552983
4,2726111782696	6,9940731055012435
4,525481190940308	8,644346330434793
3,8530999419066827	7,499300506750161
4,135356071318567	9,18243119013047
8,712293109203834	3,3671664370409227
8,141624823258008	2,288173387935517
9,103577700512238	2,3024732736426516
8,749470044611261	4,048421483364171
6,037269771702023	7,581367850575526
8,836524222162666	1,6604757653697462
3,942047811006251	5,877378370395601
5,6951382759584925	8,496251494115747
8,254519789647055	3,9363148299280803
3,6108844382504373	7,793950449528019
4,890467727818306	6,170568124732328
7,1360214440116225	7,447421633733169
4,075761147485754	8,079993303014895
5,246904707613316	6,488191343488998
3,6885091221646227	7,241695150894422
7,881661847772739	3,630183751768617
6,796025154469541	7,4408968315539505
8,923612491089502	4,34216215377476
3,8705765364789118	9,117121507492758
4,629949140059902	9,16724899585829
4,628839906531006	7,509705417831451
5,375387400289908	7,144074763763998
5,917212422715921	2,864997393832801
6,324330057583351	7,5691303018766956
4,942704617607671	7,52010818320921
4,029620598570678	7,512118606364258
3,738057325913069	6,703525113037692
6,418563686600899	2,5166706490598534
7,392004011266315	3,8977665487317568
5,496668856078284	8,742453343709478
7,455673953382146	3,4865630411507658
7,002203217515642	2,089548801048589
7,421558425166297	3,1008608065752776
8,794883930218962	3,4700961571709366
8,912515055323647	2,4042418322454715
4,416291249960344	8,222508595315805
6,538199412734619	7,323495875873748
8,38093234620417	2,147835411903026
5,67285779782668	6,725556539437584
8,444224638392521	2,2245812911635
4,152109121678222	8,167164206205992
4,001464190748823	8,36082462767179
7,583142002260671	2,6783627006233415
4,6955132423089445	7,712700380743511
5,6889040994700775	9,436699601690915
7,34084555723573	4,837296901658154
7,629386254752982	4,357166987722214
8,281700256518473	3,122718350886058
7,781482234093766	2,099500283822116
6,011680529649934	6,706873684333886
6,999924333234482	8,682906478704982
6,207540047861297	6,654522656825362
4,402399189585359	10,454570907868362
7,472991601207879	2,9703833268136126
4,279281686546142	6,550572865119548
3,6817203022706733	9,357142466766879
5,57080252028332	9,38423911539042
3,6191783913352733	7,902584520508923
7,975328149755382	3,9477865975217292
8,674547616461556	1,745149645015836
4,4993568333411265	9,710753059723059
4,051079224298849	5,349661355998226
8,594069932630457	3,7129048841421755
5,528097467210321	8,850481177509891
9,153638304126236	1,5693312700406024
8,69855859859993	1,3720450752734896
7,086171531449828	7,574020913807623
6,810242297266663	1,7154559407801626
5,188059828620668	5,136148222321152
8,342543047373015	1,9129070496123752
3,35170024393755	8,256877908562874
6,8930495465199595	1,8209009637148554
8,15434804492739	2,3984562986304017
5,360088700017559	7,596041342088346
8,441126876175504	2,847830814544576
7,938259771961659	3,7351634752407987
9,056148944373527	2,019372334831198
3,783086930442537	8,82144590610868
7,382752177570341	2,950426949300425
4,750766279496521	9,734459903717028
5,997071238567058	7,166898193896942
4,464179927528866	8,175959436709409
7,692899291819171	3,220648453426719
3,876005512968211	9,817604823803002
6,501487119588512	8,922056628674408
8,604616980788043	4,151121233269651
8,317282638159519	3,3533278263340263
8,424661006852572	2,4017131146475634
9,192544349832769	2,8481544169222808
3,9584748246937598	6,00281839056231
6,153536594059625	8,236321327920972
7,710699983439934	2,4100601464700455
6,827632720650137	1,9787121273531811
3,248701588508853	8,572244101021026
4,25087598121714	9,35214192610301
5,834329878223389	8,356656576542607
8,48176419214851	2,861305605477864
7,683723840837657	3,5013175241462244
8,136220049792247	5,349991857766906
8,48511018299269	5,137429031476612
4,327674774768096	8,105642276456784
8,42159545951139	3,9234544092480315
8,323201646249625	1,7937501027949443
9,134683235594684	2,0176059270269002
5,17221556048346	7,158376897410168
7,766375878561764	4,22141374716074
5,962688748012356	8,395693196782348
8,225207184608344	3,261485404916705
9,315100623562117	2,7080294285617548
3,757424060406584	8,119439115972924
8,875706914097771	5,321275335718601
5,22104766604008	8,578358359875942
8,339477658343913	2,726740818228424
5,400335348254297	8,427525150377921
9,468902229078882	4,024044513753966
9,62591188624245	3,1157488085357183
7,812113181508094	1,9049572127036036
8,843820800045156	1,7120167105295163
7,352392512427416	1,7569135880702564
9,095658619889026	2,6457288775525853
7,305274252273362	3,672763863194524
7,906313291871678	2,3349556212330684
4,874745595719823	9,604604668108527
3,2565926521727624	10,07868764454352
6,230602547437394	7,318456717093288
8,975069168673897	4,601782962567903
8,38791156983218	3,1915036154381644
3,759087794358874	6,9333633660137455
4,087722650501543	8,188239207814078
6,796071815436643	4,181631119043452
4,6837812673341	7,76331784480519
4,7613874344360205	9,391326214294953
6,603915776741972	8,525821442133214
7,817901367529944	3,9474459921683973
7,484759167996771	3,3994631700828375
8,047940341890456	4,710301439598858
7,950096645017044	3,187921209279133
8,768336581338449	2,9132337345243515
5,454390509209247	5,487367018626141
5,93004556722083	9,258332791904085
3,333780229334009	9,015023940238944
6,972293070112343	3,902277971481131
8,435533774643018	3,6774148879866884
4,24937820695373	8,957525488011566
5,608147975265868	7,3308629052305365
5,998757638063566	7,827192556987758
4,000163973718366	8,36019192500755
5,705953216588721	6,476443300510542
3,4279959455961238	7,716376092001781
7,461684712512867	2,985520800656917
4,260739251285629	8,67069829552841
3,747653655876861	9,350263182862196
3,6555704023458135	9,132442453671509
4,8762054267329225	5,461463401063276
6,813486607281753	7,873578085414503
8,40573225096714	2,3786917732859667
7,62844013935705	1,5163516508438315
8,030395601678666	5,275742195141224
8,099628841511073	4,627883933589674
8,420112979750822	2,414831933235882
5,20612841201123	8,56650915724981
6,830762756546544	1,8167579807774974
4,920882365681068	7,340596697345225
4,77680387007743	7,63360244377921
7,911513744176519	4,5822865192014435
8,801971532413267	1,8015398724883358
8,865320544966078	4,364842383486968
7,198918776875386	2,7935704029154467
6,463725850973177	8,127838478322357
8,856545930979824	3,0787988165076143
8,175324276938552	2,1031519461810824
8,380887168670156	2,38271122025328
5,263912005233104	7,2644509784703795
7,6658690343744	4,146760767934907
4,007612378586752	9,984820835161045
8,554448134799408	1,371585061536667
8,601852630300684	3,1910016968738972
8,896966631992562	4,449340090498816
7,633533851593476	2,6698572488301604
8,775049156927961	3,3222268084986117
5,585879718764181	6,966369843833549
9,424173941266192	3,640545785303096
4,653454190325616	7,833206190329902
9,308298394177985	3,982723162729682
9,872150298975754	1,8110896263218264
5,6434469409017805	8,786418718235268
6,06298309724361	6,38799109410188
3,624460893953936	7,912880872963771
6,858212386833049	8,190391601693424
9,284282070096314	2,9369748259011006
4,034956351989242	6,936557328322267
5,226554741837699	9,660959018255841
4,410717478501372	9,486857693179566
6,816979408029446	3,7336185531919877
9,289425833700676	1,8928850905452377
7,711162163381133	2,4119002944324226
6,759750103374265	8,132108585250972
4,774889402706394	8,50843366073858
7,5681685623779495	2,17340823752441
8,964181241225823	2,091423843629121
7,314241844131877	3,0998426128329912
6,584112392552816	8,20872787938021
7,491906700268561	2,9373699027802935
8,677215655529151	2,951031093414737
4,945524184011399	8,047423276175328
8,640924966395334	1,7990751452774374
4,067079238103555	6,438345429118272
5,973390821375106	6,054878384890461
7,99871550570898	2,445082807101027
5,335046991637181	9,491218073257059
4,67992423629756	7,754389985080516
8,087755910649378	3,406478955461476
5,9324863863011075	7,578008035719572
3,9888373981250105	9,261239378709568
8,206126174334571	2,486847494662574
8,303869136829212	4,011852949906231
5,006761900294316	7,87838369374841
5,425445734261401	2,1669702521902643
8,857114510354092	3,1141137994535493
7,585961718359323	4,998500376884152
8,236216327060593	2,7563767278051214
3,7651951664618246	8,709084215894404
3,6111579947821246	7,997119068477684
6,053020399494569	8,992338287220303
8,259547833569028	4,244627718447854
4,190533340813349	6,897314670399143
6,011194031573467	7,864685913858835
4,086610843488726	6,3996994172193045
4,434064107478604	8,38182055321855
6,73820870230937	7,338549444513008
5,098367208266247	8,079407128264819
9,932870026175598	1,2596020917217867
7,53356095901217	3,0057538813612785
7,372229076591365	1,716519380717993
3,7766623100545753	7,726655856322189
3,80571243672183	7,856528623109938
3,425107818837501	10,34584481220171
6,984346150936931	3,0779188386456076
5,444720323132245	6,354404616242267
9,230126210409589	4,363795163273894
5,51307725849383	7,495491250520097
8,710982487284076	3,7544822101683257
4,848381363782502	7,593424110648319
7,900929560031763	2,285704791095675
7,570761976606413	2,253414399574501
7,398021172919375	2,8861963583189993
3,1800252121301864	9,640380740667313
5,213579106349346	7,145567719911171
4,870229276193025	7,0184698174744415
8,751381774040397	2,6554830778845435
6,801001483304046	2,457322015303169
5,443548169252524	7,224798135617593
3,4898106604201082	7,9702769223129915
3,5588949943070727	9,160224293727632
8,10799161922667	2,159118613024602
4,682346409484514	7,619896573714832
7,712848935335985	2,8114949966208957
7,683483136546446	3,6877998306878492
4,903960748741737	8,330476641459382
6,200482436753311	3,3110508649017847
9,40175272841168	1,9069904457360574
8,303990791973744	1,8508617748037697
6,132724351696083	6,847519605455792
5,600420563084558	8,952954727223046
8,697352583278905	3,9601529579503474
4,352712437552537	5,852372772742328
5,622428596195148	5,9013176102379035
5,0817964667138895	9,325347194712974
8,247248780200977	2,929295749216327
9,184314131246396	3,9690695011249364
5,705973087426111	9,659267485947769
8,077450258304152	3,3446917379795886
3,6346980487351352	7,202836700149517
7,922938930111194	1,3726603393676484
8,574370261849502	3,6357793443121267
8,741974608071802	3,5177895329993207
5,992007161746791	7,4183996574274875
5,620735566506471	9,114993122118044
6,1627742820632925	6,872136082789458
4,225076260145762	8,761432519001072
4,266055950643595	6,104063326963313
3,867759848760359	7,9139198058475735
9,371211683212382	2,258584706100793
8,385501625916628	2,341313981733798
8,648603766511707	2,6983951876148264
6,221456743381205	7,311005313257918
9,136268050431609	4,44511540724228
8,579919083916943	2,405925992571702
5,049293984795262	9,27931406881149
8,765289085803225	3,6419897204764444
6,175483082770393	7,354419211242172
8,744744439656952	5,474469217297649
4,943888280648205	9,262171065360928
4,641419323934338	8,2628623621587
7,753977027594301	3,460283455783289
8,555158857396187	4,790338492925473
8,708916116150862	3,5228773554760053
4,966900025252565	9,886699474075828
5,606116365264441	7,467519031261612
3,8654786564999015	8,288013651588916
5,844806738928904	6,292856640193991
7,58650567718665	1,7061995039153066
7,8947505936370925	2,384484237436646
8,191398437246605	2,2101876468350987
5,5843317875771525	6,595236195295227
8,811971914497692	2,3708318003448587
7,043060659624788	2,7727308215853474
8,021846558707418	2,7289896943395497
7,012327264169791	1,6104013126133392
4,592366746936927	7,023145469544334
7,7670817541886965	2,134667892236309
5,15562620948883	9,600507012684576
6,629841758714769	7,107943124502035
3,5007379342638414	9,859140903110243
5,153311802791238	7,931084748018378
6,7654483967605605	1,7071940355678654
7,722545694122283	3,5639135284494197
4,447190302626974	6,495633443442902
8,436136142112641	2,9087532987453475
4,073095432445267	6,561438848510452
8,907845139485376	3,7652000117720226
5,406270419680107	8,77106871782912
8,625069086209947	5,336358172083616
4,827070240488623	6,3246995063276135
5,584618674743499	6,783137108704143
8,66758869297808	5,024869735972511
3,6401974085453306	10,264547622016412
3,192987537507893	10,097222503178942
3,2899093241274593	9,886385523057438
8,200562065280199	3,1129763706558258
8,570881952776316	1,257219285132936
8,594820395485193	5,633337614132303
5,550460655571918	8,220254622273199
7,303006988168728	3,334008115650313
8,301862393758661	2,4021116486685363
5,2983701111360535	5,854243764119506
8,550332860920742	2,9000037456352894
4,857983760366585	5,248001554839642
7,8986382984959205	2,537102725016072
3,688914083810852	9,467311579246452
3,7739253135545257	9,545392251012078
5,118489500898473	7,875941850942527
4,250954099185439	7,627725943061836
9,396483043360563	3,3808184226895266
4,419087926232128	7,089013310263526
5,421323211008065	6,077706241494838
4,785757159469479	7,324192704944845
6,538637074269148	8,812152700927275
5,201363635447542	8,085956684898393
7,10343657562964	8,682584569503142
4,8888807131151655	8,262267194705629
3,7291404359205265	8,493480584232692
6,109518735311655	8,131587950119208
6,460290020091258	8,981640713073407
6,154368359517411	8,847645366522714
4,7794305961893535	8,850277951046685
7,503521396856106	2,996161609673732
7,915022740726822	2,215331331868364
3,708069654949947	6,844558112824096
5,6848416136627105	8,528339136451628
7,99906704109954	1,6748943897952202
5,146108102118484	6,4650419327334765
7,813505871863779	3,0177917077176932
4,758499989772436	9,281096549928082
8,415617057028214	3,5822678405719817
4,942244298790985	7,928502457589059
8,217347308269305	1,4113801604981129
4,295672128978373	7,729944426890202
5,519175471202239	8,102071651055287
3,8929332107195567	8,794958708085545
10,203763078528318	1,7377599802461932
7,514560796697316	2,190546215878494
3,28318789831947	8,673549486008806
4,494916619948228	9,105301063554869
8,09212764138432	3,337095980796078
9,667472829326275	2,919651570407754
3,661199845562078	6,877480207688339
5,2525543554677006	8,381590848710989
7,985979843807905	2,9376242539802115
7,368497546622452	4,197855379020797
9,368527637185949	2,011253156498104
8,594185425564007	3,0605744947460627
5,760059034557337	8,117358826518707
6,742763064000094	8,31065525335786
8,072859832276633	4,6703321355023215
9,606622708996841	2,5466071425665024
8,607380428169947	3,5548102705575255
8,57943294413889	2,5290827660854545
3,6270156101602824	10,067157481784564
6,800862396017547	3,4224889110849137
8,535705282734652	3,5711306306330712
7,612205021202327	2,9668742437826614
4,353835598999729	8,739334044650688
5,958982757498397	8,314758251596087
7,428554138784909	2,2915857305180856
9,143967608157109	3,51833949746889
5,257636974132904	6,112031234126896
5,649707432298488	6,942240085860085
9,008139635405396	2,2424382017904385
3,367766027064363	9,797062648186479
8,96720509266917	2,3148861674960743
8,023589676064248	2,4554236910259997
6,027941364487696	6,6984970717347085
8,15639831157535	3,008747633459066
9,203808241071577	3,3245628123649684
4,01687063155823	7,177919428653402
7,234871594154006	2,9516922560881556
3,085935222097893	9,872674300310127
5,990918504977031	7,531749463792323
5,3913536175594405	5,8118192971899845
7,187946892343061	2,9609129208899816
6,511677771737304	1,913205908663552
5,95102536206797	6,190217315093213
5,350346544492151	8,64507903223367
3,628487273023719	7,747787550036845
6,957085207420119	7,63255786155557
8,292953343494185	2,725269696892333
8,746821621093577	2,9478970212399824
7,714543443329327	2,4695024616316674
8,914718703432946	4,9154668477226595
4,205200079917386	8,89099628057706
4,519469470010351	9,147893754511188
7,782811700324716	4,41973229726041
3,3630451649531965	8,223960343101865
7,550729204592809	3,960068094337854
9,30263210520962	2,5708471457127136
9,111287367926609	3,76751584829589
5,204367910613855	7,1655145467334735
8,365965231328051	3,723627201470449
9,12333835763198	2,2189675894905605
7,076402899289353	3,237989102714245
8,095003597731232	2,369843524684697
8,10335745210293	2,10008185239562
7,691220259056302	2,799637284144901
8,391011291762428	1,8373770236128593
3,571906623820377	8,331027564324778
8,59698692273587	4,087027614379892
3,1492902282419686	9,76519321428947
9,297323081178366	2,7493732206829398
7,688525180461852	4,5907984317852595
3,9632680343605413	5,674363810720155
4,05460475048533	9,413251327121609
7,572773843644683	3,64894827778273
9,037321654254253	3,750835320465667
5,16233888548247	5,815164364838639
7,623144247167208	4,652597855912601
4,3459975587143544	7,704664162418875
7,754469903846414	2,8606660729740847
8,122792349737598	3,389390990251437
3,475454775738306	9,35369578731891
6,927695887726397	8,607129684144784
9,527580282760571	2,649350111930149
7,074788352253498	2,4656926799674705
9,38971127475914	3,816882688717338
5,337628514753529	6,183700844617796
8,490979320225843	3,290604517242129
3,8196385273782325	7,653032886994082
6,799861972624844	4,141577542262471
8,26999789576069	4,545264817392413
5,805544430646503	9,55928061084241
9,180377079776994	4,341087989749919
6,444579379457585	8,032783679578507
3,324971891814497	8,863538796940658
6,66876508373986	8,784664386778974
7,642891156896839	4,883535547051877
3,8885925609412113	6,533270436785829
7,184577193886636	3,510067338518599
6,857983839730089	2,4802027631512678
4,831388611972518	6,7919124448367985
7,752213851032074	3,033540905809245
5,1503133127056335	5,7215145882902885
6,990725186900587	1,6361379555766185
4,635459448805607	6,03423574795738
7,256697636357018	2,149476553362504
5,029682979717286	6,841966086091597
5,070618504857229	8,327778829413045
8,518444384639375	4,271778923761376
5,954884895111885	6,801031998553016
4,2384115989741975	7,015462148986191
9,866388283191514	1,9775935149997155
7,282620287169694	2,3269354001917266
6,862720039504966	2,3266930298423514
6,340181743724045	3,144991882978588
4,530789948780861	6,546720034080559
7,1437230607864874	3,175835049136711
8,04882053604788	2,7602608484958946
9,101869790631126	4,634313777671506
6,170714345257386	6,266851761305169
7,375745185318177	2,1800559913581745
5,356942782736365	7,348547201793022
4,216629288752969	10,043928916664907
9,130481390430099	2,2328305194176554
5,45566964453106	6,467668918258095
7,63568228858546	2,062232321063501
6,277266829586777	8,629111452182766
4,5120951551187325	10,060737314096892
7,546428227860739	3,0587418550313137
7,589329699681598	3,0286090068554277
6,1590245212852395	8,050989658539448
5,132181804040677	8,218093731823167
5,592420786119487	7,45989481847649
8,362063434971459	2,1624926937018154
7,641941484046827	2,2793131530571804
5,864094917081674	6,312674025255437
5,037876805880355	6,853085797048175
6,015937916649593	2,388648720407737
5,121347905125225	8,938734555188418
6,742705193634944	6,875431065925187
5,449758121632179	6,19408525037451
6,649363706406792	8,071433723212092
8,098139311561415	2,6250593479311135
4,136534831921906	9,119863228030104
3,1981679663138767	8,974102864002617
6,5178629193542275	9,064414669200852
6,160888449406551	8,889527391326828
6,023690375959651	7,503113560914549
8,106499622924723	3,051297496932115
7,473955691919182	2,2569140185578567
8,39575196500272	2,1134112122995274
5,819380702064505	7,08308593283649
7,424152809037746	2,8563215053755213
8,064081359585556	3,046219186385003
8,088664587289179	2,5943991831083792
6,802391460542435	3,8824877781218254
6,371859680607429	7,389574453650394
8,797595132926473	4,32538454321787
8,721644167650862	5,184410844439884
6,952946379490442	2,1430193404247984
4,654432523346372	8,607015971185358
8,955549578067671	3,4314085435062722
8,437848423354142	2,628401803050229
4,20036931329796	6,661937835664106
9,4438069585531	1,2209921517304485
7,389808365118334	3,7817726546476584
8,466702485342026	3,9792451184528277
9,103897987894568	3,555815357895389
4,719911446144152	7,062764205356314
3,601602249656614	7,868188708265014
5,810264274299804	8,371332632440517
8,706560640259543	2,8987579112896746
4,785346333673997	6,671938817762321
7,8673031643215685	4,0998297759841265
5,624741961833321	7,922389587002116
7,6626581052583695	2,4972300156606346
4,13048404492187	8,115063106943852
8,203736556943186	2,6200789036632246
4,649248892640568	8,161492737738378
3,9914747754340354	9,616081968784004
4,707716020664144	8,759728972631052
4,111625875014449	8,77615534346197
9,833159263294883	2,1879433769073797
5,1539525746844985	7,395714182625941
5,4693977670441605	8,316298377608955
3,1920633919197994	9,4470439605486
6,1533198988445115	7,276339628443513
6,489091173527084	3,2035315413233496
4,6163353175700514	6,604729838763112
5,524996458262245	8,915969503050121
6,268624658932714	6,346982444933927
7,571529742843341	1,6921269162212322
4,0431109621673125	6,430809045045132
5,351943200632974	8,736922408852426
5,618758439548053	7,737698816280839
3,6094217997481546	7,105747093086416
4,949366386210683	5,765262653862344
6,062445607233272	2,0659053774222587
8,242208770176326	2,9787431138209683
5,734697948011112	8,870975083952453
6,179899663944925	8,554418627897997
7,1753351710706985	2,6333511102044023
4,190492373598728	8,2586259627959
6,859596668483474	2,417373558891576
3,261850061170255	8,866867550039016
7,422821472155202	4,120695403580847
7,464522082175483	3,731259806161369
9,290338169476712	2,1304878858468097
5,077965101547242	7,353840745954467
7,440807145022814	3,222736502505744
7,165998169030724	3,8932694367762433
7,695043204091467	4,628142991392717
5,839995421399308	7,483264500670473
2,9035361452667683	9,79230276311037
6,274690690605944	9,235183002550714
6,260438712861994	7,6002506918833115
7,801848390844047	3,0149234683365957
8,054424308295012	2,431693055082026
7,973336455491655	3,377842342830262
4,234639786140559	7,011147453392038
8,364504829557356	2,2367719746445767
7,981243400628816	2,815921702418735
4,158520703611582	7,015803072645379
5,117887738587084	6,0154315052955765
8,434213802521503	2,1597787956729038
4,331231939393197	8,10268137063954
10,063077074515405	2,199613215233871
7,486594187257982	3,2478001440885995
5,755988779742434	9,449891274600134
8,399630394579576	2,97506328983183
5,558999273708245	8,898565388853976
5,931329880985597	7,532079889839534
10,159554777690083	2,0085802609101995
7,514579954142453	3,4947325611694264
4,801475481259228	6,532657857532785
5,894377727779881	6,3283480008274395
5,662122727287187	7,36427365988194
7,266828759894458	3,4540693036563015
4,645744703473207	8,673983951190245
6,7370124698653076	3,2655313691178254
5,745801204911719	7,024102246054358
7,28988546679062	3,310708621246473
8,153845080793468	3,113763194166867
2,8985001153438397	9,851907572393046
5,038787052173877	7,361755927165426
9,168902595981095	2,7116679420230856
4,1580318739097315	9,763433150366607
7,57556440468778	3,11951076102428
5,2728449239206885	6,916204898446993
7,907726342408613	5,492614274537779
8,459983228326124	3,6390957157840385
5,019268849265959	7,547222400952692
5,3861012571399725	9,706870288758086
6,50665447005436	7,917575418145298
6,508013904782284	8,646009897097787
7,507806577647463	4,109162587906666
5,045741603946514	8,980834800658235
7,111201066656829	4,028470065533424
7,0955966969504765	2,0229988976215623
7,525119749957053	4,493369801274263
5,6779084117926075	8,975523654868878
5,1537454224770265	5,989748601118244
3,325964878395841	8,145060623850007
3,9556044617883876	8,186714195628678
5,743309598311745	6,073588907001207
3,3726224702464433	9,145571384726676
7,97834146221148	1,9666882019148213
7,42671262726792	2,2863102631425107
6,461932876951443	8,39638232934685
8,986603238633577	2,65859180542697
7,800759263387962	3,1014763975936663
4,148727625456807	8,616556461989497
6,46372744037558	7,256345503495302
7,715686373301942	4,636125769951494
4,65044053749067	7,592289525715051
6,980263266511837	7,300103643122546
8,34859915366893	4,364802866626196
4,45531602831443	6,657565346832343
8,10487109543645	3,4676360418706684
4,430245968332493	7,5190194898532905
7,5346217591987745	1,9802596930037133
7,847803517378197	4,856932089587812
6,458169218580521	3,129719285325784
4,213239588071001	9,007645369220644
7,982095900579429	3,6642002455989173
9,43453589566373	3,1326145804277568
8,417343864673727	3,38549137861905
4,961556266648781	5,300561317849775
5,492191761786103	7,64622423707924
6,34190155301045	9,211680027757012
8,485871116209015	3,0961580041568277
6,3684161378233135	3,3589125923212033
9,455529322405535	1,9665993508158328
8,14006647443626	4,70534957078085
5,264865201700928	5,8779628470995355
4,249769272970355	6,714114254690916
6,55575242070379	6,996772591231897
8,59590959836282	2,0135931441980226
3,188556358298563	9,36163148919928
9,55533403324749	2,4448373014153155
8,826253855813114	3,773811303025564
6,673920217707532	7,887260325495123
8,7480070604424	4,416721017568506
8,584789044306488	3,988013161470321
5,460194123677498	8,136935665683112
5,7879171591910605	9,135366019837054
4,236061459890404	8,767996504000049
7,711118399227251	2,743799632905258
7,435597247324619	4,4702969046389605
6,936887497470605	3,365479317139287
8,790635481997754	2,842164223272756
4,995537137323656	9,868605775389396
4,989318216499143	8,9249257626077
7,324180650883148	4,434109682927767
5,313835728703674	9,49779327442098
6,9166526393155126	2,274168860673007
5,645395004337567	8,927008859974919
9,291201209791351	3,7887181804894077
6,981684834024773	1,7783334736444862
5,725933146223506	6,595216789468116
5,424987670414581	8,188530992356394
5,578861954298359	7,601907547454514
3,870556970901501	9,911400833775014
7,450226083249341	7,969573502529534
8,040815060296989	3,650045052349256
3,4287474980347894	8,527460160345798
4,977235650048681	7,7017784230499915
6,687490584137961	3,8707146192757698
4,288159038841633	7,349432817312656
9,378518440119048	2,7437573506912107
5,220191676147836	6,417371170568596
3,6801271436868928	9,424799082752534
8,63780167436693	4,31261376279644
6,637632511612074	3,400556845419363
7,658687712994887	2,8693298034689434
3,988374065624338	8,679197583084193
8,370336521908941	2,629189992197956
5,482046394182879	7,898081567080733
5,375090492250416	7,5308043660877395
8,675757328028102	2,3812825436358613
5,578880010613836	7,66573588088281
8,838851481896489	2,7365556965392654
4,273856557543404	8,849355995621025
5,807328367211711	7,412694384559261
3,757540937823298	7,177157869832884
5,411638674217604	9,061352287051232
7,6424870686818185	2,9432149830984518
7,230279398157409	3,5779213754027803
8,733200693257617	2,121206552337246
3,897050292678273	9,854872798380022
7,277904590391118	8,214548137916216
8,143452542925964	3,72445087691339
9,032455473099958	3,962910306505644
3,869094304883073	8,17139938996333
4,133883646548711	7,005673380013673
5,626323070604532	7,651856178763322
6,357938388326971	2,7854448703521513
7,812027007918918	2,8028709813191846
4,1743111772282875	9,722272535975971
5,190757441331265	9,23017123778106
8,63841490523501	2,8614727144719785
5,543784895243553	7,7385187312793
7,395805861448121	2,2269593216805683
6,351812806018893	3,0908577628021634
4,849244870629253	9,589729411859365
4,47139424154221	8,848469745090924
8,457240264385089	3,2033598124888636
6,3461509483015055	3,287823520373411
6,811156630216374	4,041666222231246
8,121564630197607	3,951855170086185
4,555161127398669	9,600802494818653
6,620598810308417	3,325628735224589
8,643913372049212	3,7599351368749323
