-2,242975228043305	3,8929571137952435
-5,222822650487805	6,184968602929892
-0,3970981549025582	2,975172386174601
-5,053943648823581	7,521768560111627
-2,9833595111575386	2,8037524170362973
-3,1370820070876784	1,3404393568305366
-2,122873492636081	3,3727169343427965
-5,123163464279857	7,154719448993003
-1,5633162107715175	4,075147164438196
-4,442536072952596	6,22892770188356
-4,170552633971299	6,698887872653012
-3,1678946114214774	4,0456767701397265
-2,3388977108014526	4,946689263409352
-4,487479582404388	6,293700492773949
-1,77822643474794	4,705951582605788
-5,6424005006123465	6,731146256809032
-5,107952456846594	5,950463120561973
-2,555032381966175	3,111882819554392
-5,8410653598470095	7,1447755546221146
-2,664270323222236	3,1836277644323223
-2,821088579278912	3,9189369918957406
-4,299819026708627	2,036705602043255
-2,895072709697819	4,564604368412213
-2,7330489769970097	2,958280340995381
-1,1180945881476094	3,2357823280011053
-4,864860533641238	6,429998338283243
-0,9516235857914879	3,9343110331814604
-4,526873007937876	7,804034296742348
-2,236655657533426	2,0451636675225555
-1,4352858760020406	2,633063667512422
-2,017822078693598	1,316963376216269
-2,833393733490519	3,080726236327603
-6,058954655337586	5,73056697339842
-2,635674651223887	1,3136406012461213
-2,2816890093726356	2,7899134275243576
-2,2242427504114177	4,671639631699109
-5,273634363002894	6,1772602225753
-5,110341139219744	6,283914427349489
-5,339248276745456	5,003230413275041
-3,8302815509136274	2,1346724471813907
-5,564560753014793	6,186095443426832
-2,343522219136613	2,7072741027750182
-5,098985000218923	5,973023815326285
-4,869261666214533	6,111961458682372
-2,4043748742185476	2,183356048377556
-6,576881180311267	4,6779884897415975
-5,341849151774942	5,967865485308258
-1,9273881099918033	2,27978391388823
-2,884343272017288	1,173203172366032
-2,285828289212362	3,4978743919762927
-1,5937588074299271	4,18489502172389
-2,9824654793219216	3,923005124827239
-5,367207438041601	6,651340921508694
-2,8219411126668708	3,1959906035939287
-5,315993747649068	6,206989566349496
-4,9368481788850165	6,456117252415879
-2,1419899183048656	3,3473656715062208
-1,8510903077568122	2,9465512607054416
-5,775046063473785	5,080329113422279
-2,4193566855106496	0,7422470845290314
-2,565655612751431	1,6119921950525957
-4,354526527616375	7,10738699316579
-6,889476244828457	4,684753047902279
-5,441707182539895	6,750920069144653
-1,6391918318566001	4,127887351449839
-2,936342946640254	2,071531288081106
-5,781754004221475	6,35816444975979
-5,144395753750844	6,547341735314019
-3,30217665178242	3,9722160506704545
-2,27338016571341	2,8873746770028763
-2,55326311393299	4,078336601276359
-6,010696021447658	6,018847342476692
-5,9433540262845135	5,439046240150972
-5,701786862047457	6,455113997253322
-2,5202788898637376	2,969143470587996
-1,3735311117310443	4,656893045573396
-4,191045291740462	2,375928652123579
-5,424906404619621	6,444929081838536
-5,254050757638142	6,14603309899077
-2,416282329299655	5,241899598102449
-2,015635197968805	3,4238176268373826
-4,996147248145337	7,008650862659372
-5,597096667927829	7,037977733344356
-3,1118306298932863	3,020723828411993
-7,20954149854375	4,8719189614513745
-5,233953577816031	6,301148946754642
-5,695093723004764	6,1495832851096885
-6,420761250092985	5,681826505947292
-0,563705077756733	5,340503420557881
-5,308018737118691	6,284808514577102
-5,3399763989016265	6,315045844164789
-2,5813459943634895	3,023747861269343
-2,546252362352751	1,6860197970369724
-2,4875614932876458	3,9117945866656
-3,4593022157610704	1,9569999831823803
-6,647304595363763	5,017284726108254
-5,3765915474867665	6,276643664744569
-2,599728125966995	2,8913383913144943
-5,7752229731330385	6,694694021092364
-4,904978846012707	6,027154913047019
-2,578388962859238	3,4841051158030707
-2,3468810351212177	2,916910418054467
-1,8660385381051272	2,3620945511416167
-4,673603474424124	5,754558420693475
-1,7007358106555417	2,872138818262153
-2,8882433065202973	2,3358366519840636
-1,5221644308621007	3,655779445289642
-5,604188882755586	5,341914405142355
-3,4125120479355773	0,7005826881882473
-5,306821614146444	6,319081579097712
-4,569684363375214	5,897341595062348
-4,063193836115544	6,522606872545235
-5,818683467856537	6,533001305480513
-2,608990084394649	3,7653036893755836
-0,6153912112048775	3,175952891073311
-5,6114652477679545	6,712433239362245
-6,407396883774529	6,457157082959888
-5,694129632495601	5,686355065111641
-2,3951137884283056	2,882941820764602
-5,468851213803067	5,962054315825922
-2,6296046068454015	3,010408609746531
-2,3059802308500528	3,448262243122042
-1,671772693900192	3,836441207781254
-5,368531504721318	6,312409567984881
-5,520184315106718	5,981853820110697
-4,862484135999738	5,368415472420095
-3,9401805127880736	6,257450029971306
-2,306159710601324	3,334895994528155
-5,591091866589872	6,003309977521374
-3,4788318279799975	2,458148255550377
-5,951537272234325	6,601331205150806
-1,5027819600802628	3,538647830902768
-5,297569768418025	5,376761261361899
-5,510212587818362	6,096500945887248
-4,73945766115843	7,708409772220766
-2,4699666228250066	3,2009825439053574
-2,599048198455163	3,2329449832072563
-7,061451362735248	5,624098273885927
-6,576402627791563	4,70109698005095
-6,067112645254929	6,5332707543471065
-5,249789893018095	6,279731745092477
-5,070319525111409	5,281648865174076
-2,9925293883991864	3,0594299344967038
-5,606500803948701	6,428456909056993
-1,9173456759706509	0,9244473764383854
-5,856655854578872	5,621447089708516
-4,6135080154920995	6,933692495570295
-4,208967745392663	2,031139609739661
-4,133261639094625	2,809702974170564
-3,0020310872759484	3,704446492467484
-2,43207019240506	3,510373591875561
-3,9913623056819474	3,2979882250410566
-2,4950233353795856	1,6341329258759338
-6,113085133446031	5,464609707864797
-2,042045028814629	4,672443017874466
-4,85041731728755	5,933452948728374
-2,4654791294253835	1,1077436273367312
-1,9829981874882512	1,8624377040678364
-4,288689539938842	6,653498650291194
-5,038104553791195	5,938985124097881
-4,371456456246915	1,8532591007573018
-2,8764441668248995	2,185611439981058
-4,186589866450945	2,297224672978877
-4,855225169680603	7,49874341220028
-3,2284875096101153	6,69449261542916
-2,9123353794409623	2,669314002478785
-1,847875031531303	3,1888354311676776
-1,642726860698831	2,011023247327262
-1,609712150139748	2,897102810969041
-1,6856390410267093	4,296401021884473
-2,0830038139447176	1,5221577208634318
-6,9146944900924385	5,862054886736976
-5,184163511888902	6,270705883432348
-5,7852406078841305	5,170820019206358
-5,132135773327399	6,235785485200398
-3,530537490599155	2,076293081857635
-1,856522832146495	4,246136189700506
-2,7186261137571606	2,7876687120227093
-6,367989360467883	4,9681262273493285
-2,230333088541536	5,2384850177886095
-6,027004072794604	5,869851976052983
-3,5458136481942244	2,0305921397987623
-5,260439186292101	5,50348736732101
-3,036779464043073	2,124532942650799
-2,631523264640396	3,152609283992717
-4,95890916467334	6,838823751933306
-6,083856362567642	6,911795913283636
-1,1641070508627482	4,556260570204535
-6,302022409389885	4,079683329430408
-5,009582298634	6,590126290281298
-4,552337971900259	7,226267232722308
-2,646505526830504	2,740821556527213
-4,556320992863128	6,226490261042343
-6,113513256500772	6,379733571023753
-5,125218963826469	5,903728532742504
-7,097353455802883	4,773036132690351
-3,216846377027876	3,7388409057105743
-2,571182352008929	1,3687327880418996
-1,8321013930436245	1,382532968330692
-4,867975532455956	6,512383999540019
-1,4951935936206842	3,0134063443619317
-4,359639686809644	6,7673608048166605
-2,9083024009207934	0,5159062075928047
-6,11605023236782	4,481818980512508
-2,9284341565987475	3,3091509893266338
-2,5100659884253282	2,5607929235482043
-1,7988373190438134	4,338218427132681
-4,826005692939402	7,623381413007367
-3,353158226400788	4,298482065457603
-1,4192316893178134	3,4559356032107105
-2,6139201040023	3,1136977480111705
-5,805776845204003	5,545451059799458
-2,1295123193401926	2,851522563721167
-3,891802721688246	2,5616865674457205
-5,824405417481704	4,636782034023631
-2,3011506921852485	2,5926326400962005
-3,3386251456777067	2,2055085063030933
-6,108956512938747	5,828197810174924
-2,3718627443878804	1,9321118305320086
-5,206601014357284	6,408985727352716
-1,1340669355994533	5,5042764150248
-2,219636915956878	1,103406467505453
-5,367771697904435	6,686204310226111
-2,6786457253143565	0,18551969243955124
-3,0207045041222313	1,073255033820694
-6,330018498228285	6,275179085656965
-5,131278535230407	6,185336939930509
-4,371756682450442	1,9723411230174153
-1,8051102977894546	1,6788695607291815
-3,2904832401892112	1,5325254643424189
-0,7819755198997088	3,879966508582302
-5,169614007077053	7,074487853750618
-4,1842001519719645	7,008722436944659
-1,9339563504211006	3,0758587569344344
-5,324841071595587	5,892031893327635
-4,4296080875618005	7,1785977454560745
-2,636767230840958	3,0531170940408017
-5,737277175054334	5,799405544510362
-3,9540926501647613	8,017420501492726
-5,528971615469994	5,026076494381033
-3,521285470816699	2,9888340229549604
-4,194828556593648	2,288099029535016
-2,0601465708853537	2,6553581231611973
-2,442366764650221	2,341860990447282
-2,0650428327359407	3,140702836655331
-5,931185481167564	5,824704760272635
-4,001253091857895	3,3427497901316414
-6,114141129078618	4,832352147848621
-1,3047753047255983	4,303853388404095
-1,276511102118385	4,381207301787506
-5,198345398978477	5,809419983372457
-5,552126955106835	6,992289867533548
-6,763775866111837	4,671150883062008
-1,9997041814855623	2,8693407669608346
-2,5286317476618363	2,799160444066456
-3,5982597171483857	7,055402956983542
-3,0052905425516836	1,6812823076017303
-2,583957594579266	3,4915755919579583
-5,442285836243063	6,426199125326991
-4,9664923680567465	6,067138276050848
-1,5239786137144269	1,5530774478025116
-5,7479253246256965	6,098337153217744
-5,5188378565923975	5,980704892712114
-5,457389652986368	6,429184415573527
-5,845332157358787	5,369003136178381
-1,7064329225210524	2,2702686961326854
-5,302286936430444	6,359222181588906
-2,73167922003043	2,9543214624533496
-4,92591904995168	7,316877225685647
-2,4806411946349156	2,8998612476959353
-3,5859812869916383	3,843645923912631
-5,19630092819586	6,262926252829826
-1,938639734476654	3,346271501722107
-1,6570244930085904	2,735820458605282
-1,3807307779597828	2,4050664325501816
-5,327890951689029	6,273453628339166
-3,9826565418428155	6,8135244852642485
-5,064054077871434	5,875861010010018
-3,492235604515953	6,490844494081104
-1,8009447100418068	2,1611636388338065
-4,835968471535449	7,613766053256689
-3,7159023354611618	3,239435080716237
-4,997416297155113	5,8856540058646525
-4,983663502316622	7,648345101141196
-2,694100862880316	2,827574877063399
-2,019726533517405	1,3346048187339834
-2,9459544676083596	3,0874944044917854
-5,73555487181249	6,527335649916721
-2,192729216011049	3,230524739169571
-4,334650091995293	2,7055508343010457
-2,0476772241301022	2,7667729236750302
-4,360624168645069	5,938738439417035
-3,124862245254087	2,7506592163097805
-2,7504861347088823	3,2083782638226195
-2,5429456836895064	1,348238019138945
-1,1484734806418815	5,336365054786533
-4,063776557670707	1,3018938910577698
-3,2493916512173358	2,7108763978334163
-1,62271226922373	1,9023327626149311
-6,261685593183238	5,825680670861704
-1,7261860877151922	1,4414299811080973
-1,430827075411591	3,224368616638399
-3,4690913791370686	1,9617296538135371
-6,429486602173315	5,924014604232704
-5,942203604669253	5,923403717122103
-0,8095417357970863	3,095585374205222
-1,1502355491849336	3,804971941270309
-4,597754447277481	6,8069971813854995
-5,519571136747211	7,377659643826758
-4,788181730801817	6,805523656587603
-5,180335450476953	6,21448188245585
-2,6052319883416084	3,0107658941570707
-5,349654585649369	6,374124254712869
-4,3422134295531505	5,99047365697641
-1,2755028615495552	5,097100641962958
-1,177907688232339	2,9828988700050703
-2,440709775541805	4,044810334555539
-3,7664080567288263	1,8170354697430764
-5,526733711242131	4,994807997754841
-1,5558117436771013	3,163971506097843
-5,4114769790821375	6,946457222548379
-4,015441043761821	2,3881684057485146
-5,272798850015054	6,243212798945203
-1,9378924516532843	1,59079470909237
-4,907760997594399	6,891555964190489
-2,2666898722383895	2,9574581596832745
-3,5039711743768818	6,635822822115599
-3,9008847465235994	6,325264763031232
-6,852722730574644	5,018501484433305
-5,169032329301637	5,7723332439740735
-5,135636562727435	5,3769163855190305
-5,121765855627275	6,747525367450669
-6,774648440180886	4,290949524986631
-1,0991890931864916	3,02670269906718
-5,505313844812172	6,361105837422497
-3,8556749482080552	0,3844276142904528
-6,276819612927027	6,563436558411955
-2,8500107971945803	3,015643052111762
-2,3614615641970733	3,0248618694866707
-7,167868715959755	5,407915948067921
-0,542241383452229	3,880216689602281
-3,705196497443719	6,601225397438023
-3,8846468738848614	3,510070234686462
-5,381280166987565	6,233384330048567
-6,163301762424175	5,283272199670519
-3,1811774254509144	3,0561366497860023
-4,018743407823056	6,923606753356708
-5,604126730492457	4,891511677028053
-5,543932403248952	6,117567663558265
-0,993922088487317	4,778400112644761
-4,302173773705138	7,270808603727402
-1,7304104632966166	2,002146815884469
-5,807339541101468	4,202013112863938
-4,218763552169251	6,3375022288266605
-0,8197172645825488	5,739242054718049
-6,47462783581823	5,111715670913756
-2,489909352386702	1,654856277162332
-3,9575436680384084	6,875817397793419
-5,521956791421309	6,191081738777723
-3,551547723710206	3,5953843685072195
-5,992316224835181	6,522796794715231
-3,396653127669265	7,147846770191047
-4,760940682237349	6,179113321833908
-2,9084212778784546	3,9130672595700715
-2,264701509663573	0,8433744141442083
-3,683377759610715	-0,01960707072092216
-5,178150128210534	5,381945032102925
-1,13667330618085	2,530179898712505
-2,7180812051151464	3,123610691707515
-5,515390140456926	6,2287923107475685
-6,244077969419987	5,916883714484209
-1,7812769548432708	2,4779823062423327
-4,5220038407725	6,2636248896378355
-5,271725327483446	6,244135014736329
-3,7173703316325595	7,735529787513422
-2,2606366681544388	2,6970754904654966
-5,426439790524419	5,925115573434467
-5,342435548216928	5,139808576130616
-5,24579801098579	5,848331450922296
-2,634093509548372	3,0464968652546425
-5,089275168772403	6,034577703225693
-4,15181624206552	6,962929969221014
-3,14194476528366	2,214731221490308
-3,601104702408146	2,926202557531437
-5,200567814319383	6,4348388989534175
-4,195121128962014	7,227173288843001
-2,2936568334986687	4,239153184727171
-2,268859905378126	3,358702648980385
-2,3244574267186304	3,5177685686962423
-3,8103903352738486	8,502373925230472
-5,504928179275724	4,730892350744129
-5,217825635949372	6,586399385875683
-5,494428160300943	5,112289058096403
-2,5218225739331523	3,3462707340677884
-4,14867151181271	7,590673516128451
-3,0538711318591982	3,425364993342372
-2,947732526135549	3,102203156809856
-1,9368780134184296	2,6456638447677063
-6,066541496830544	5,585743645612698
-2,5562439482170753	3,036917770935897
-4,074762999053269	6,853316304036141
-2,15643749066426	2,8032229988995416
-2,609346869176437	5,031215990206009
-2,0947581799608503	2,4883157867965795
-3,381858260944321	2,468623432744315
-5,597841774955612	6,216175152578161
-5,0174543098849815	6,837752319030472
-2,769934379171672	2,28808768291742
-5,280295458463936	7,480332532779334
-2,712958972762742	1,5493970106637898
-2,2725079711657945	3,5241196351460036
-4,294831111070391	7,538063533228228
-2,7645365479535524	2,7962718031422638
-4,416042395669987	6,849427994394146
-2,2551427716086443	2,923589941223114
-5,271903957635682	6,086015716092018
-1,9037010571614021	3,431402589406799
-5,201596276608134	7,379661149587816
-4,578753039991165	6,002518559876888
-6,597403228915593	5,891279262377609
-4,4674006969760764	6,692673655124807
-1,5833255296862734	3,002089605762013
-5,731108250031777	6,494859029162125
-5,439118689465067	7,175856487646874
-1,2149897237136806	3,5881518741248444
-5,159525236316009	5,235048747371547
-2,4129178251254855	1,4282543650210175
-6,412447956168477	6,3092010225639905
-6,0004120374739545	6,481323612872804
-4,661672423346166	7,50258638928363
-6,083822581489035	6,378405020257042
-5,4460618459098615	6,054485085846476
-5,250461879396909	6,303229816113674
-1,7578444524568668	2,7576098941660065
-2,192890553136459	5,411297042696418
-2,1220350143298665	1,0626226904323435
-1,9118025306760196	1,7666051265223524
-4,079520946238032	1,7117820487400226
-2,9096552210245568	2,7752372710257722
-2,6026639547836745	3,070846734624308
-5,115190331309089	7,3907013077236545
-5,770242775068805	5,486900833323835
-2,4604844681265723	2,790852978700898
-5,450099030558688	6,138175413716263
-5,317160888214056	6,747748853705259
-3,097502358549397	4,364722775684107
-5,2524740502735225	6,230840124941552
-5,1724756526474405	5,611135704347122
-2,5032361109828765	3,0430320020027266
-5,284688618328588	6,4206380758096016
-3,930795963212948	1,608535963551084
-2,7824664147839475	3,380247939053927
-1,075833429970082	2,8365225971505588
-3,507137115471034	1,7529509289661669
-3,247697604592109	3,334197523645209
-0,5933160480483111	4,359555886941397
-2,599312665675364	3,0004382024432346
-2,0662543301304024	2,451163464366199
-2,2406933091790293	2,905514623896112
-3,111416234210545	3,014853994857968
-5,87143491638233	5,453730613889252
-5,499507603841849	6,52942309692618
-2,322793319051337	2,922691732819054
-4,783569542638715	5,778047396448904
-2,209829968372642	2,922785842009098
-1,1252957549010896	4,677826962713831
-6,193697834709722	6,112057495897652
-5,299667689132857	5,8016690105836926
-4,735883178810714	5,585365460844032
-4,649783193714247	6,054244107022899
-3,7044358753616153	6,594438541296719
-5,406454189879012	6,453239788218935
-5,115763441909685	6,337133717268813
-2,608683403090578	3,1527640464451006
-5,127957677353663	6,64384530280895
-6,094415762703935	5,40726777048746
-2,0482051244825996	2,788264266061202
-7,226776996293044	4,719428406329987
-5,697502262754461	6,281697133431302
-5,234722722648495	6,139512669447059
-4,9311305245583235	5,814632647960837
-2,1704374792888492	1,4988817195302133
-5,1378808217593495	5,973377202566962
-1,1475101238773036	4,201749559714099
-4,171838939071048	1,3198518438053761
-5,553382319538842	6,695743663916953
-5,770374416425374	6,201562153151591
-4,599413417331339	5,874196091776617
-5,2150978005587865	6,261026708008093
-4,635983698824731	6,92223396742938
-5,267914726347359	6,095975023177956
-5,317669668191936	6,505998452408273
-2,1662637537954423	1,5363844846592798
-5,121276080292721	6,197960709715523
-0,756617741524288	3,0838345691528875
-6,172605595365356	6,820909153652535
-2,6550120065575507	3,0604100935613294
-5,102590215460396	6,096758240250428
-4,421505861939172	6,481581929130419
-5,525146309280062	5,515606776861926
