7.161450052164401	-1.2800961106802418
1.2727791607300536	4.647577975546303
1.4760160271521512	2.1494439323604873
0.8474093207745794	3.8884896247277405
0.4425226456917899	2.541879659498022
8.604206936418592	-1.9260067476373384
7.230405973719041	1.527965958141638
6.037076605421722	0.476142618190738
-0.9026716971898534	1.8087854711566458
-1.3071584241829934	2.4748834289415362
0.7515463496415435	5.326284524845011
2.041007274738799	3.3479824942833463
8.063944487648685	-1.5037756411255092
-0.47913247279161286	3.5412500828704747
7.124987329510761	0.7799733018125363
1.1240811519038445	5.163363576018069
2.6805833408625874	-1.774300057286736
2.457003209367152	3.432510386504202
6.3844781050491495	-1.2281713446752147
0.6604048492283459	4.436914189725045
2.052782406268698	3.5773997740015058
4.865702154106138	0.6727918083116204
9.550609694342736	-1.9456600586502004
6.692171448125203	1.931484631427573
-0.3137085020800052	1.4763859149186258
6.492449470354519	0.43988859874726627
6.351680596705695	0.11998545464767885
2.9423393842803938	6.615145381304385
7.159147188597585	0.9681560142352703
-1.764804430324014	3.365419323140317
1.693476051587379	3.5471346978686933
5.490212871512972	-1.213089451144484
6.8527526645258074	1.7626693825381268
7.383025433732817	0.7344011525698586
1.412020770419855	3.4669536272526997
6.427055693837065	1.309099795656861
1.36883903720034	4.716637564415244
4.869324600090119	-0.38866900162393714
2.6120510592167587	6.22233227412276
-0.16971433405127012	3.620653352704185
7.844412750887614	-0.5813385843963537
1.911143136147348	5.215169957925443
5.530321538210619	0.3553722996544604
4.829252401984444	-0.6024594813210444
-0.3640351421643597	2.708645529319967
5.698559867394485	0.5697200294131126
2.6153235931347223	3.0195818395386085
1.348388284502146	4.953275679413192
1.7482109794241303	2.0387480039060826
-0.9126693544666649	2.452205252405081
2.8933222222631176	6.237271365423927
5.433445272323663	0.34346553385250544
2.0268924814429155	3.1620165808063248
6.462979386327898	0.008538922630144885
-1.1541309694497568	2.561913810192531
-0.49087744349410745	2.873681752008225
6.047551557623168	-1.4411203333991827
7.992279936091678	-0.8678170092749964
6.6336815529397155	-0.16374271047382205
2.820474743527784	6.287580371101292
-0.6129928132188207	3.3704410058550938
1.3891639185165952	4.873373077496599
-1.7290609215241926	2.652312448612017
7.3243514345518115	1.0252390989245281
7.904210968718457	0.8064787022737292
0.47469251472174423	1.8357746850040375
7.812434746031211	-1.4379980396238254
-1.9128347697137311	3.0786718952926293
0.18292122426846857	1.8855990427056137
6.161399420898043	2.05485870020477
2.1467925731591015	4.9294973488538325
5.9222954422140965	-0.8283184691476841
6.244940992339253	-1.377601085545325
1.1142516006125693	3.99243643884984
7.019409913178544	1.8423477530847898
-0.21429398019798995	4.7626690912158764
1.2580694034979873	2.461192689393003
7.6373371106558885	-0.2510890988524843
6.080051147617738	0.6400286754195439
1.6593860237409057	1.2530046654519031
-0.20728684474047787	3.867277988088873
6.991694842350478	-1.3038278373604988
1.7766661233247893	3.5708351841062598
6.327985822275277	-0.6868355983964105
7.036256431827019	0.964298460381543
7.518885460178058	-2.4110637673348223
8.46531293576901	-2.467978354525337
4.995756995020283	0.6903566299399633
5.57149247634586	0.6657458188906307
7.794234566636288	0.6662416271894029
-0.1889702890967262	2.486814212470632
2.46442444374659	4.0656209961129965
7.824183364003039	-0.8617940255226291
-0.2214307823906425	3.31480872447636
-1.49767836507273	3.6351688141599254
2.010772564856107	3.582598490843968
1.8406724724880887	3.136500695394177
7.789857160490648	0.35965406419803214
2.5816846260597384	3.306842142329563
-1.8538553052598603	2.273200133223999
7.080888043455339	1.4903469130965221
-0.6461912170421438	1.7178737970533464
6.287464315724227	-1.6806933176438
0.3667199472167051	2.7793862555579585
5.5661372802200475	2.0857439339690176
6.95601733833962	-1.9540978080458955
5.734554106323046	-0.4827811382707372
1.9566798415532907	3.5214321936760777
1.51379403675499	3.1488988301572896
7.471263594304107	0.0022237840553906985
5.991768750510605	1.600145465752267
7.680384795456461	0.7824406069944025
2.0438871895020103	-1.9324093764345565
0.8063509710473467	5.005684197393712
6.020153824050513	1.2594039976174196
0.9467037663065718	4.094373616708779
0.12431564505078829	3.727128562953462
1.4703410145702176	3.7301722878782364
4.885499076941324	-1.0374739777099076
1.4588628238767518	4.780745119771067
5.759518739088878	-0.44288181310494856
5.276579721492567	1.6615469428980243
5.179909549593207	-1.5945501439739238
5.515175919554132	0.15357333274217178
7.4482832423052585	-2.2976679966891336
4.996123548542012	0.5768999243530111
7.686468432971269	-1.775299058588589
7.611836653096873	0.8870924422299629
6.488718010784072	-0.5510294746566977
1.400914496420164	1.2327979421192177
6.989644100734539	-1.9936962364083812
6.151704359314433	1.8954577362115765
-1.197975147722934	2.3322921399262544
4.837357782413221	-0.4750779934443119
9.12885411070801	-2.200190118162379
-0.2506546884116987	3.4415141908035944
0.1777117289224186	2.563174999590516
8.841719711024403	-1.4040420641929243
6.169975976039648	5.973291104782249
1.1149213211561506	2.875372158495197
0.9299464792637568	2.328177630676471
6.257737844316768	-0.4334219486762607
5.6154050042250105	-0.4225469933575643
1.7411875672506447	2.046894648288605
7.448796522616839	-1.1751150816722413
6.9677712815845885	0.6180622740614572
6.634625962902854	-0.9643679086314485
-0.4929898582399004	2.8361907162741726
7.2175007473808765	1.1465360515476282
6.613065140288924	-0.3906491516028594
0.5387683891664918	3.1941939279094234
4.908657889334165	-0.4171970621956538
1.922964815535819	5.178659617633874
1.6387699899831463	3.83877959463872
5.946267923922828	2.017719838791452
7.828355544087577	-2.4307285340288654
-0.06304221085258166	2.4313684789525283
-0.05353961107761496	2.473796298590897
0.7352599746883421	5.1208345261392605
0.516699914941892	3.1301557854183892
0.764710119227779	3.3759385156214883
0.8461192691133568	4.718341965801759
5.725020693209793	2.3072120432825676
7.987596397204126	0.025874954284655693
6.902295598021372	-0.767772048422108
6.011274446570869	-0.8139786397980635
9.183322192132522	-2.1564242428454046
-0.8311769504157223	3.746270685400935
6.0472268314197315	5.891407280540621
2.499716775866809	4.271175896732666
5.156939340567408	0.9016644897424868
7.263637570534435	1.7598997415245337
2.134907324350594	6.435655880590888
0.39273887461933277	2.7671385490085756
1.5404891567442063	3.809907103191448
5.634343463369733	-0.25435699227266895
5.066031462927026	-1.1114849223938386
-0.376819242643599	2.3246760667592437
7.3433238510809	0.4287975405839486
6.138350728081582	-1.88656716873871
2.867756521837226	6.596143508512673
0.4763038148976957	1.4355080713742403
0.8390914695558407	4.543304519907759
1.4601467096839669	3.261375123631396
7.153158397799238	-0.7948798443134497
0.2918484803700432	4.271086184162845
2.8461604973544334	4.626734307219417
5.11890995453679	1.3284988669279656
6.257036839111547	-1.3465770523107023
-0.25226425619833304	4.730278403046067
2.095938368841689	2.3569438178455204
5.9005694601563565	-1.1112764024603154
0.858443195706315	3.8754078316199947
7.158982683799032	-0.0024281263709693413
0.6236423364458319	2.0114057363495292
7.371561133058868	0.1166606041145668
9.707335111228243	-2.276551337042039
6.1947798943391135	1.8664903368961805
2.1177748856833296	5.011258777365489
6.527224610847783	0.14184189190938712
6.531232888853047	0.447426284223289
5.859234932902199	-1.6593708025518494
7.420053468929216	-1.1265901793359427
1.9118350611621515	4.648349465961852
-0.356626261714192	1.5351154981933384
6.422188830158295	-1.993584826136396
6.664781435858016	-0.7906242405002835
4.5227641485173145	-0.6462194831109369
1.5814638612889818	-1.7348414683334346
6.746572700414995	-0.38201447398563726
2.38199496298995	2.992837285489817
5.493019529018338	0.8684461431247952
-0.42605124262975025	3.415478938415311
1.1039914166973999	2.338098792320859
0.41862321330717334	2.2967066727631518
2.332668296823223	3.0745077837260926
5.913462817031963	0.1850034187523284
6.705528931756051	-0.0018855029610960194
4.778255752136989	-0.000957492711142649
7.656051272974554	-1.1129722716597454
2.070348064814627	2.591730135940398
2.33572063304187	4.444181444611515
-1.237765692246704	3.065231901472325
7.339732658301275	-0.2698634373285893
1.996240938342739	3.756274625329972
0.33432566472603753	4.454613487865867
6.953186763643102	-0.1230482569213871
0.7967617830518221	2.7541582004646767
2.098598896145103	3.650030569897986
6.297036265737914	0.3645265777133333
5.039505510975939	1.1713713194363895
5.595048679514951	-1.345252306309781
2.4707839858894363	3.7798322623759826
1.0341469660458316	2.443228045837408
0.6346250636534376	2.866320695887878
-0.40690697621581684	2.5611702481872634
5.750854928266552	0.33122414879613604
7.043456764271095	0.6672990443600164
0.978893936881799	2.8113774019996063
1.3047958145135174	1.5238537220923503
0.42882230667678845	3.2859825789007395
1.0911023447713304	5.653209354245607
5.490386948276168	-0.7906715470511259
1.3916921372532465	2.908574424691397
7.734424051919736	-0.3351592583409877
0.5810616979967868	2.418136372071884
5.820359747088643	0.3044614314618612
1.8215256084827198	2.966101178221801
4.911037094210085	-0.13607557353610344
7.3575589477049625	-2.250592471052766
-0.5389968240459737	4.085162209645389
5.736736840225548	-0.3174404058900384
6.542393554618851	-0.19066063264575783
-1.5157986616478691	2.8340863632068665
7.512520462820957	1.4262235304006778
0.1265989144777081	1.464569882070248
7.6361637944790175	0.1432293512989986
8.288609202314152	-0.29340961349588657
0.2284958064789857	3.5219218697095798
7.76045496330895	0.031420447878137026
8.538988538295264	-1.58956906093922
0.42081259862247933	4.599728952212533
8.312078385783767	-1.4936968591530295
8.529752994843538	-2.1776595566353616
7.866184698135161	-1.544464164333263
7.241344587593479	0.4157269337670422
-0.4832893917078065	2.3683418138087546
7.6294931143611935	-2.423239150910347
8.074066803561223	-0.4428154072372914
1.334773959942905	2.1219091587680365
6.500466487181107	-0.997837630922731
1.254289635101071	4.556383358896967
0.49417224721884745	3.034743834357536
6.320824699469187	-0.6583098668058311
1.8988856762734985	1.7054745359593513
-0.5828168418668742	3.786141761819028
-0.3935931135708133	4.569319796790092
8.012243421670087	0.36629871391180435
0.29541235612199723	3.8218075379814405
7.804204214679801	0.6001711095438123
0.1934615712166925	1.9929781197763508
5.776221740934412	-1.0902625513198774
1.8465704143433845	-2.1535425490669824
1.6647581324409926	5.140318078306912
-0.46060668524418147	2.1984815085370215
1.872325980824197	2.4003562560392204
7.486450679286664	0.6492820287651138
1.1139481408368872	2.42905048293381
8.202271053668902	-0.8694357300980355
6.7359701158225125	-1.7652350698018657
1.9060041335594324	4.939196524279618
4.907608283883385	-0.3467548129356546
-0.30483821754674967	3.9143118933523535
-1.3205822524905013	2.115110784598512
2.4612981488636487	4.25256978484268
5.315900379162713	0.7365154819514985
-0.02240256032767096	4.8921345788140576
0.5469109643899768	5.025802063764125
1.7144091893334714	3.5107515891744976
2.3446488403280523	1.7431603646588045
6.6351740492833455	-0.26443775414199155
6.313785335595551	-1.0186717158476974
5.892109201119706	0.9997616454543268
-0.6189091383013623	2.840240024425602
8.176694755884501	-1.6183890182085845
5.336642542569452	-0.7848435809558243
-1.236160314341713	3.5162402466637217
0.34433086711891325	2.274917531514108
1.3049782911921544	3.4719662608765587
6.353864146395404	0.38267098793021814
-1.5046454292929594	2.5527940578603596
6.554947348036532	-0.8924051896805496
0.2200291333873452	2.7676211777852613
7.488687875535035	0.30506551748780586
6.134904311250809	-0.1402269359824504
-0.3472701348972147	1.655057472428648
2.063519825523035	1.4991786430768235
-0.6041424570313243	4.037659040255965
0.7633675664476809	2.9106227531681657
5.996816400624148	-0.47753250515864387
9.003471611169532	-2.2340010935146974
2.5501052082791644	3.149687995169906
7.100987454518628	0.32175486647976914
2.9733786720772324	5.870906106575888
-0.9700465330855921	2.636918035256889
1.9060466549646344	-1.9466910991725532
7.129445635734992	-0.5193880896912866
7.622802523954974	-0.7578391055476161
6.306403024090866	0.5083136260181305
2.0254144981841904	3.216106499848973
6.1780446132032925	0.32215784696065475
6.8231866533687064	1.3559329162195723
0.08275126686033785	3.622775851931111
0.1845463595646113	2.560594549291001
0.5301284378216631	1.6844086681805377
8.988463355194193	-1.9807694974178265
-1.5320630787409013	2.2150784939366646
4.950959103226278	-0.5714767050461416
6.716132454677722	-2.123185381523741
7.8464337325039715	-1.1944417015688482
6.755313639098942	-0.9851313706956364
8.186372195143784	-0.5186248185682345
0.9180996581703054	4.838692025150569
-0.43457424896864727	3.28764154275611
0.41286217815595583	2.2386273676924566
1.7314431587317778	4.606373315672024
2.728267982121479	3.930970352688168
7.936296267116889	-0.16389220966518714
0.20756107144010505	1.4698336719306373
-0.9211201664833015	1.811544829521027
0.37603102918835196	4.43557671318818
8.065330182188156	-1.3769905351092144
6.328875805817585	5.54350523572302
7.74295266431431	-0.6054150159175729
1.5089669600487583	2.990857463966553
0.9777121990681983	5.719330147696525
6.142732033731326	3.035885111792429
-0.3636242431449883	2.0951733540824264
-1.4205098998927697	2.9329327962106917
5.113091294292179	1.3605424646506352
-1.0644271659368134	3.9185546729560623
5.354509924520634	-0.026959708245775538
8.054138257099932	-0.7934386260911319
8.358222178089981	-0.15295773349726982
7.2926758712556925	0.7245295830918557
1.902464099427848	4.097007263678873
0.8364038344483504	4.613911085068573
7.8830807337928945	0.2994875345931285
2.5422761971418852	5.264761366511974
0.6903197318520071	3.9309850904624444
0.9862244088130061	4.370836865866977
-0.010175887156874452	2.151694593612377
1.8722133803696075	4.046341862572687
5.179371867831456	-0.565176259171984
7.479031777173402	-0.3230330497943563
2.389532409493625	3.6837150703420236
6.045594603748882	1.1717467047321408
8.646459666648404	-2.674196725756092
-0.05946057768840207	1.6301796524357113
1.7804825740046082	3.224106963215978
5.106719295658337	0.9666932121047527
8.517019735174902	-2.1514161903886064
8.171107810701216	0.12856195018589833
6.932534404149781	1.1623348014070198
-0.7603637596123145	3.2067392063039675
0.6812152995317311	3.8868560710018665
0.497263720239443	3.3692179592353635
-0.2187037182364311	2.86244879233669
0.5912841954910633	4.506260763017853
6.454760999419436	-0.69930933380811
0.3649337955601095	2.3817606387764383
6.6576003055295505	0.43616053093805407
2.2848473534218945	5.659075345083404
0.9147513825815334	3.3469007839308116
0.12463024315538007	2.4102112539443725
6.738703664482101	1.7777768078461764
1.1958464936451703	1.7649760367796088
7.192702545914478	0.3399784627549396
2.3823796812238007	2.1173036476052443
7.23528631368936	-1.3514074409775505
1.888319138322212	4.2688845947094265
0.016318750775383695	4.4719716144100286
1.2077070915705468	3.846513639738479
1.3410550830135495	3.6432014916210207
-0.2029158742328765	3.484152185853773
8.001578163606847	-0.27018998380760006
0.6595118871032721	2.0732842844833383
5.843266048597206	1.20904431711238
0.9403318721528882	5.124900147094979
6.459799979195631	-0.8334110745711625
1.0131219239595364	2.6207784311794153
7.727461623906556	1.0479595700969853
1.4788820614491067	5.3149922619970065
8.623713872533912	-2.064210526702315
7.5213303963896205	-0.4456749023159463
5.505006576412095	-0.8779298503405499
-1.1601936551503162	2.933912529605458
2.315589923110666	4.401713351414385
4.900077004307246	-0.3021048777265327
6.1286693387607265	0.10841543894389849
5.969096490558771	0.11570965647645082
7.5139466936202695	0.33513863023307966
1.2817565596896712	3.169431337959467
1.6234830063230357	2.880898638878384
1.8024306523816083	3.49851967829012
-0.008643894326243462	3.9886179652361156
5.949581095430467	0.7018039123759934
2.1427382812207894	2.0370644617970726
4.694652467680237	-0.2802611890373914
1.954347682155161	2.1045755743937065
9.060297220604609	-2.524765783176005
8.370691163369234	-0.7826810781919287
6.739628359108436	0.0031187206816687407
6.270799397602965	-1.7885104421367464
6.997228220769513	0.44351326631465016
0.4975827295163229	4.943730655604092
8.865658753709095	-1.0916553490158587
6.951256824608592	-0.25465762504521594
2.217920389226915	3.40695997427715
7.608359609777324	-0.5334814284888676
2.7418657061743543	4.541965719145252
1.7063260978209074	5.1876648338906035
-0.43721456860483787	2.6023808867683975
2.6087628742984763	3.9672225914443167
5.4537729766983025	-0.09462551009239295
1.8828287449564893	3.6931322508497164
5.764588064104524	1.7733205527620477
-0.2853936225201412	4.695702906659895
-1.8708047524435205	2.9364941596037113
2.181132094962474	3.7960616006095993
5.069194426851059	-0.36585640700218036
1.501872014984878	2.1554646881294586
6.151487719929319	0.9167931736831814
1.9329206010976265	1.8576378682241832
1.1699021256372037	1.5018295036372522
5.465448604801026	0.9671884440236851
7.100367004589389	-1.0704876487371604
6.965587645571932	-1.697852147663073
2.5253973424378864	6.231887235224427
7.878776073174976	0.22732770007594238
1.3409751011572995	3.427977251292811
5.752722174958419	0.7753583326602138
7.465464224132396	-1.8594097694885638
5.785111857919782	3.733623334585258
6.425003101120792	2.6910952175225127
0.45440906689771277	4.658572737669813
6.2654050419759475	1.1058401825017845
7.193792301830653	-0.7639540237567934
-0.19069212501975796	3.744453714903067
0.5273940088182512	4.165388782689657
6.435580522883762	0.8950227033519917
0.6468941706829918	1.4670137973322328
7.843692699080184	-0.3477604733208386
-0.1479560645673852	3.775007951270971
0.0498927167173957	3.6799428143570605
0.08282608731232943	2.8963738297835704
5.851730184137418	2.136714347200277
2.079924958167124	2.7273921523152684
2.279208084588932	4.713004786902206
6.624537118936967	5.796026671608753
5.669533348009571	-1.0500082583678227
7.840138908880915	-0.6732273401237681
2.1667690536495785	3.26954262217966
1.2632333970063627	3.8919127115466985
1.4150716396990046	5.867515616473307
9.354057381108362	-1.7609776224225278
7.446349219309191	-2.228878981655852
7.05553890452233	1.7801033734117349
0.9878414910907493	2.24842723261814
0.9754096783522852	3.293788785401177
1.2587138123539223	3.60049159044336
6.7980363741172845	0.6138939077737757
8.280866823905633	-0.11570305159554994
7.0444930265324945	0.7050044215017777
5.068031944592761	1.4837933929241223
9.373415561479547	-1.9201596885993655
6.357287782796772	-1.9303983387111794
2.1540769281371683	4.873144635700417
0.4716499777201042	4.543592526628065
6.024803738619743	-1.3333270687274323
