1.261276157179924	3.8898945857169105
2.6462785371471873	11.92634288521303
2.192057434697959	0.6343053405235457
2.1922439132366613	3.7681093163602712
3.2611978077583643	13.69609280339667
2.592143431315352	12.776874385606282
1.1725737636172764	11.101990422362183
0.3696917351893707	3.915094131259276
5.522761794878688	6.322488808703154
1.6983988216739783	1.9402769241465077
3.009780718308903	12.264203712517492
2.5004920848213836	11.634421465597288
1.8900711608644265	2.7564465100444577
1.7679683890658169	11.327385249806296
1.9068305544420312	3.618379544692541
2.5389228650310125	11.861562418414811
1.957949458107644	5.594955445203514
3.012672103276466	12.166705085478753
2.0033296601911905	9.770914774928709
1.7646417411435515	11.226889400731464
0.6088644182912746	3.396287020854668
1.272955421334763	4.122778908161283
2.5991849864035914	12.023944021765356
1.7355359867504045	10.334130262111664
3.377177230531533	12.134431173503899
1.7939845492289812	10.055237086930376
1.3717003547528217	2.655964500207779
2.7033551085085383	11.991330624691392
2.178967888265791	11.478744647799076
3.510884819964015	14.913766896685418
2.0214958738203412	11.017642780737756
1.9507582912262094	12.725487589451438
1.1734832773632484	-0.353772154539695
4.828319328006872	13.59707586033631
3.730222988727477	11.46051996539148
1.4544917720075576	11.984466535776512
0.3916833180156756	3.0463286826973572
2.1081363035235547	12.887140352275656
2.0009534013716275	1.7173506979540658
0.9282933920606409	5.754172393796717
1.3390770272839716	12.811965148625674
3.007525698983503	12.458993105173425
1.0266545630438337	10.276048174184687
1.6430717121509404	4.2650779625903095
0.7617888944749787	-0.7617381671654346
1.5351584549419766	2.594820735266217
2.846932766714121	12.105307977358839
-0.15067249533239924	4.381095254315677
2.326231355000556	11.187062043531705
4.723594017677187	14.21428738915287
0.5977598523373313	11.164634206461583
1.4433105179976455	-0.20292374915229594
1.3932290624108625	2.8948838099849974
2.291294465313727	1.3303775171450911
4.632342542009406	14.236169805030132
3.8217965047936175	13.43239118600499
1.384875159145897	11.782443540405477
1.3562109901570516	3.288286797346477
1.8700185024994678	2.9836497549952417
0.9269160091051125	2.170405620003738
1.3273134041751928	10.151265428892758
3.2091590535559207	12.99587031541559
4.709006694552952	13.557154882997079
3.2297881098154284	10.22953452210721
1.9222132603177968	4.046021928662357
1.0233194669513614	12.299864812005358
2.290369651314458	11.165499835552321
1.3135797865596552	1.7472181199460088
2.8942512228019246	12.908199164822904
2.735529884128358	12.14163804397942
1.6961069654758965	11.13930103625698
1.7683385268128582	13.406368357829532
1.5398623663906696	13.265663301184958
2.700440973192663	14.223560895773852
0.26125108520917184	3.8901024098954275
3.4529265311071464	12.303741058277454
1.8741051349942293	1.0126277690614294
0.9799065120975543	11.890798820955713
4.559569421481872	13.215494019903897
2.4125927239831597	11.398265264608208
1.0239566635845896	8.85069379419407
1.6135810247133802	-0.06553583315873368
1.1699719439252942	2.435344181990712
0.9311478505760387	1.97916072405231
2.8588780716686233	11.870186389618771
-0.2556899837981881	3.467774329044809
1.3753158748357182	2.875872443913127
2.7177216607288015	12.9804146116778
0.850959688163802	2.1079705856391384
0.9363363606689408	2.664560144912015
1.990151672970962	12.827925427283603
3.2957492853237023	12.212734248103736
1.543436422392055	0.7092496859498034
1.6322552341176544	10.724686332734821
0.5605033615661066	9.7382629773069
2.414621539765162	3.6022169471844245
3.8262524174918773	14.048308613402831
1.044087292189356	2.5555537334808123
3.7391178900484503	11.405658587414328
0.757448302021595	2.7511541107107353
1.4633746448172935	2.0073204176270516
2.1246148448410245	10.312488151196462
1.003470773098746	2.0857434217567294
0.8380776757920767	2.6288789954286282
1.7410106995851513	3.4377329242014305
2.4542898650700335	10.747454959163546
1.7755369229058915	3.988228973846793
4.253406032226437	15.071430488166257
3.1560106519654716	14.114459499949817
2.6289001019659324	11.911248849225768
2.2163543087073045	1.3857053523727556
-0.11951609190462742	1.8483672198881655
1.7318878008049012	-0.4507767409180925
2.7961884666630143	14.105375623579276
1.418380847814765	3.6000660793941752
1.0379783267786404	3.0349870107651515
0.6493515121567208	-0.6791233633500093
2.6068980392532	12.029830449035542
2.368626548562201	0.7306141942851236
1.6028132258312042	11.72140101573877
4.49347111719603	13.714400015983417
1.3451940326435061	12.346013494942566
0.8712761252547763	0.1325448379782297
2.9806768732042714	10.71114557015682
0.9749714316849056	11.956014672952234
1.1693235341734072	10.90127240930454
1.300781527817824	-0.35212673858050536
2.1867325682468213	10.740450438520488
-0.4403138035717127	13.883163067965635
2.2010024773324792	14.08227411744858
1.092615223128948	10.293795210819153
0.8139857307968383	10.385968711260293
1.3872328740177946	2.7145752133769045
1.8881998225645635	0.8071963315452253
2.6403455663096183	12.057267085696367
3.198768661534708	14.339918510124942
1.4482670649806895	-1.363008030132673
3.2029050205830387	10.129964311968202
1.4447099701827761	0.8896912628128959
3.090436429726261	11.965528325019392
2.0303065456318286	0.444918078695395
1.1920375172101505	3.167317924264853
0.3911338785293905	-0.027197724908944565
4.366766623630843	14.085400802723978
1.073014174731443	2.3506053307719545
1.8747354801672937	2.514893462502071
1.7048537764843268	1.6300120271033274
2.371996020565349	11.831400294466077
1.2945177048545287	2.3961958812501107
2.563998155810429	3.1044856270154098
0.6811680985419488	10.045826290473512
1.1724877045459816	3.0556855949399124
1.7069851197770376	1.4826857433468463
1.2659811624133652	2.1414101102028633
1.8343275168694615	0.9305669491154545
0.4602028067585784	9.860375636606907
1.2008647393146248	2.4397438883364337
2.1581341669160685	11.726984412052449
4.773067241521521	13.119480251614412
2.4681098531330625	0.7578002444978242
3.144643058375557	14.019618890104896
0.9144477424539876	2.3933487229264254
3.8418607565163088	14.519979486359446
2.236567733335041	1.525011422636124
1.2081850587816154	1.2403083729700306
1.6229015820978572	3.8218075282813557
1.437094189709881	3.7674539702707346
3.6420241181671402	10.503069935946108
3.8156478940216942	11.771834892507123
2.6905175644120978	14.102969664378719
1.2816684431096468	2.583337851481717
1.8161654041309465	1.3820925881311452
-0.19913732618318966	14.400593964045768
-0.09234554000215711	1.6792979130992833
2.6713792453780414	11.72320181328186
1.9451087557456457	12.998136170055064
1.217115980552735	2.300106745742133
2.591660508926729	10.371522492788564
0.1938549531866225	-0.48918394977398094
2.368762408117605	11.438804414459618
3.3439092949632694	12.521307152874757
2.7337960453044645	13.134739964120564
1.4153025742358034	5.117212121648084
4.997158532822128	5.988527937907915
2.057972799479291	3.703938104103133
2.9537972860417865	9.748273584836884
0.3868227034164504	-0.2595048717320694
2.399598112579764	1.1314040702793697
2.306119849515278	0.23421423090114768
0.6738316090490359	4.244754545425455
2.523310185979088	12.080593689663708
1.9643408656458945	2.942001525841103
0.9411027069163835	1.1343776648721464
3.3616393816125894	11.022369420965678
0.47730945354525867	2.798086990858298
2.2339036265296803	11.902777964032257
2.036868547923564	2.9893286776093113
4.36685401085177	14.034179566792922
1.3228764536829156	-1.0005765764998387
1.7190113522083412	-0.46429607411002394
2.6299729961000216	11.776092436918121
2.5562001686620306	13.058793436699046
2.1935050920400494	11.035946982726452
1.959997898513965	3.438421376084202
3.652459516287972	12.869483025854631
4.871449282058781	6.094482629462905
1.359646154294022	3.109048520522371
2.899004717817374	11.832234645249105
1.185416740236252	2.500625398825783
1.0386991710309839	1.904342788726233
3.585933163966885	11.33259181614778
2.6576111519512464	12.006990174084033
0.8157008197659015	2.756286812203812
1.6938069499783368	11.73771240573708
2.258730508646532	2.8497573846572988
1.9302164274302265	5.181057015798675
2.52841509540839	13.352063896397365
4.463682379679194	6.476520416101928
0.16925534515142093	0.8594396251894505
1.989700917648559	0.9657522753582084
2.7335091292860483	14.038798406086817
0.3074632789224552	0.716391668113169
1.058709836190444	3.1236502857241577
-0.02464403263857573	3.281800997894451
3.355248477092431	11.577787967810933
3.0111740866413017	12.652652563324999
2.1879829830006607	10.071743407732376
2.329800227191897	2.551342428939278
2.4788355258762	12.957831551290278
3.681752666715229	14.624769960491168
2.121271915032871	4.564982954654621
3.3352611868960276	12.170967256535958
1.8091134107302191	11.366466237030492
1.507161018414822	11.153050036880067
1.8577602357894665	11.280381035829969
1.3111050636145447	1.934797976781335
0.9657279434823036	-0.17382104523292963
3.8411559393682992	12.159776572543386
1.3152135212280514	2.710491408273259
1.9560219680923137	12.363965088602285
1.3403405327167597	9.116576144407963
4.965831795107905	13.823212340667956
2.5369261353472714	14.104652914267474
0.8599871018425604	2.975883964697999
1.0929928289560908	11.903018057524296
1.7551763687260618	10.008904603712368
0.614986465433192	3.4550074378923736
0.24673602655755378	3.40807207671418
2.2208898029565267	11.54076832660585
1.0447597627428964	2.1344566583615316
3.366035659664629	14.076705083618414
0.780054435680646	2.872249723833864
1.846966909283319	11.641593252528585
2.4160930826380005	11.486083122055883
4.110340004455133	13.960324652941175
3.6989722007189405	12.205241966387002
3.0214491763982267	12.821054844010384
2.883628246318513	12.323316452828415
2.3683168656990485	12.853705681448947
1.3208892565717316	9.086706662371517
1.2012075271737852	2.5582203124951395
1.6783826508118573	-0.20824662799618032
1.1087525128372768	0.9399861059448247
1.3895625903498758	-1.4139847479854142
-0.029174936480784286	2.8831660052015353
4.0299356263808725	13.884292984744494
3.393236979334386	12.100030100023309
2.6218510396386927	12.122554700309507
1.7738938124801884	0.2638911479853623
2.542072324247257	11.915768440113093
1.4422040806396983	10.038106965578022
-0.18423303983598804	13.846442819369566
4.657889382449118	13.049513932350012
1.628317160872858	2.925507558880163
3.3099936372656438	12.450888434862392
3.338138149625999	14.515836969558734
2.345053298739889	4.075384031184244
2.718332424216357	12.009830287641243
1.0861852319883063	1.648401286544067
1.7807611834614505	2.373641394396677
1.309145837502522	4.828448376580611
3.294013415277644	14.46322682738452
2.9586693954071066	12.243104286001424
2.4840509561351034	1.4390226259129042
3.3992984170252236	10.278086603428873
1.6114570049801338	5.6124948286062075
2.618831495366595	10.332373117506108
3.997888539253472	13.911148036060716
0.1452782647579247	4.099319655245239
1.040714968458595	2.2707858917990795
0.9806931878531353	4.90629450858668
1.6680103600063465	9.056483198935155
1.7890965477371168	9.322539255385593
-0.37131363737247014	1.8028842047414853
3.1482104998830964	12.052083277323298
0.8984865848221815	2.1530134732667427
2.989547677340926	12.805027943383557
1.3577389376295934	1.803648470427416
1.5635644645101061	0.2865042508988904
0.8683880258966306	-0.5173931018736528
0.7264721252913509	-1.0425060524136738
3.649974037428757	13.227274885131632
1.201228134270896	-1.0022331512798655
3.903990743036536	13.090921297002247
3.606084305395794	11.047324299979202
0.36057380180748444	2.080949878737106
2.4096173696845637	1.1940758299845982
3.7159850860868415	10.834021778724523
2.9656267179516345	14.495755217282559
1.127448133042227	3.7441700512660496
3.492252556973061	12.084122423715216
1.9046939522279238	9.440865629813167
1.4279321966382859	3.287568058142727
0.9691214234623566	2.385637491457403
1.8158628493173865	13.360008656408308
1.1809966672069938	2.3349044268718613
1.3181217240792094	9.021434512960097
1.6732815049600185	2.146577805139699
1.0688759058267459	6.065198383979681
0.2281748755359212	0.567244929430089
2.1432662183238875	3.5175580631253727
0.5693345334064848	2.2569876732478686
0.8776231503572709	2.1662259183351766
1.5972288076919265	0.21068687518042006
1.7727735919656518	3.294426813910735
1.0270284271532124	3.087496903531035
3.1272055250056794	12.130916250422608
2.6971799314897718	11.520583366850104
1.2073264713278034	2.5487097864551287
1.463875045567225	-0.6874612801954676
0.17084958652980475	0.436758421824718
1.2255053601596448	4.7811023060944144
4.106939038572727	13.60930543031306
3.564332856225323	11.365492263975746
2.3398068235512026	12.555975361839641
3.5347472734551375	12.735489371364057
1.1962486279671238	2.5466208990045214
1.4380698045291844	9.188499464569226
0.6811715506246094	0.45502445614772524
4.394128279622931	14.417853976461572
3.6247395467800123	11.36084275032604
1.5663242078618764	3.1225372180928668
3.5385276612653733	12.333029611490845
0.3603980079930973	2.419257155007357
1.2768000729000595	2.580899125226732
1.337157290464992	5.137049531209373
1.4805824256630693	3.4023752281674273
1.404273388480241	12.734957869955629
1.315563676792409	0.6466205933420381
4.125241097240322	11.30060943527361
1.0256605480513887	2.4411327041157826
2.6694120755940203	3.4738604378640807
2.093457288970952	1.92930624642594
3.6852482318523614	14.872307429437765
1.3509560536493233	3.7859480744851606
2.1377720604497092	1.4078323763434568
0.903476034343992	5.966735952450938
1.155288802081586	0.09379040693139862
2.753593593806478	3.1166064501887996
1.6208947569569265	2.3195601956959875
1.2934879378972624	4.928020947120242
0.5203165264225729	1.7004646592677681
1.5917238931722157	0.9909871592813837
3.91024058445986	14.041224611111037
1.4085288245148087	3.5987679686776994
4.072590468996724	14.757930480098025
0.668690605656729	3.4821845228104285
0.6437401329539751	10.646687916905385
2.8583992398455296	13.43899815590946
2.4016569560835364	12.248314978245505
0.40780915103768	-0.2784443851378491
2.4328925061644284	9.405310731415018
1.445609591245846	1.9070902525837607
1.369945348673209	2.1623919892173324
1.8093952976001852	11.650083672660466
0.34468499232264893	-0.7768226149776147
1.959401948722988	10.468141280155573
4.001957756467217	13.630576005330347
2.659666046334967	11.639957091864536
1.9997742460801322	10.479011365626338
2.0156428438075293	9.91489821917344
1.5408406711004023	0.25521537688050033
3.4916546159914823	14.35730342613943
0.9037349605596656	1.921291559603846
2.629603262329615	10.55217529415004
2.6985313088585015	3.22302210721611
0.171937764784996	4.353449911830811
2.1070369969959097	1.1699821419553267
1.102461300501416	2.701945173752599
1.1233105994482135	2.3653948800770497
1.0337396082608017	0.011053485321625534
1.5542408225396573	12.044636564284486
4.44176891807808	14.182693357045583
3.3230869974511124	13.98860226452728
2.7202279333608153	13.696217883904733
0.5997787547266529	3.8657927238230556
1.481978908576383	0.47034157662205667
2.6966349297674492	12.75959324323064
2.4090873383829416	12.326267426759667
3.0404699812349993	12.01329081974968
2.697320179021354	11.998844635192604
0.1525549275937137	2.2304026129017682
0.2959468353452368	9.844630745496518
3.201250487954552	10.811223882203423
-0.9766296398985602	14.65062041791677
2.3655081921189356	12.251587526357854
0.9351686568558168	2.961053257354227
2.8698940890857587	11.926973703710432
3.734508566918957	13.087657440314779
2.1909894462213506	5.328571091686433
0.013712608406773352	5.0310673882886165
2.3030041050650794	-0.1280516710489783
3.8732841215132376	13.002496132789439
1.4779455400218775	4.478441489904639
2.400997844610997	11.537298145317727
0.9848995218730017	2.4347511477577126
1.8852356059839068	-0.11800964948420756
0.20201775303507152	14.017192550121422
0.2424319144461231	2.8913699002700204
1.7834994255541836	0.9932260930659189
4.335805587157703	11.840251567055926
3.8601115388798655	13.015401569744952
3.557916272741816	10.467503291710786
2.4878722142409595	0.9084024520194003
0.9375926190959096	1.1797822430741176
0.8435882083054222	0.24467544395429108
0.9688585476704583	0.3538067176869215
0.1542657220738839	2.1812657350556597
1.3040116021939645	1.9023203765216818
3.1613144018719197	12.059957099747729
0.8732074784474815	-0.40943187535607883
0.6690919310646253	8.96461811657641
3.7900620913900367	12.448328254295962
2.096240812047705	4.741989733542519
-0.37240449861236025	1.978500380041715
1.2108168196275255	4.397378538595987
4.161499618136164	11.184962391424463
0.2711673938147219	4.250883775903558
0.7311026650437369	3.029474524693571
1.3515227699498216	2.2358934514006004
1.079038393577246	6.352095521321717
3.059714018287773	11.889972326289973
0.234718873733466	4.363583219036261
0.9677551448532928	12.633292613262338
3.300801181440378	14.56513806261038
1.7459719404740544	13.014240803585304
4.947557889918405	13.567574413173949
1.3582374698239048	2.423950021703305
3.150096649643352	12.811802529399786
1.2047844258229348	2.4856979297762902
2.34676276067364	12.377436239794303
2.494608289132954	1.3711238887898372
1.2011866386861367	2.862357671461756
3.5198849657633176	14.11336744821984
0.3383720581327254	1.6229474948330989
4.434138292196278	13.822714634053517
1.6912427826239849	-1.1660571275029668
0.5728943888697398	3.076978110451341
0.37843891792094064	2.5988526582560305
4.312820631896047	12.819151632848394
1.2807245111607846	9.555770769336089
2.2764392161504743	9.875085691977013
3.3020282047991616	14.248972816657895
4.425734653545618	12.33407879589468
4.558073513983852	12.760373939243127
1.2766659003518286	5.264476700386131
5.084331478632703	13.33100945582421
2.686777139524664	3.054538096704489
2.1941649219105996	10.370690002689386
1.811491749074957	-0.26184348091201226
0.3682623945667536	3.88146968446359
3.6056901517896174	11.324213679400629
2.7367028703740695	11.576626035818185
3.3063413376786572	10.186602725463889
2.9354839592211235	13.52426136372545
4.809028830096971	13.45617861256576
1.9644208579590217	-0.9901125528497339
2.8599088822391647	9.89943994957023
2.0889624458324767	11.191734236765608
3.961680477697729	12.21549560198551
1.2527826075769792	4.496555301314091
1.7173031868120376	9.489823360243793
2.4472805883781064	12.429109620743919
2.006992296194682	2.071833034931342
0.6376510310656403	5.022846953609649
3.5927609674315213	11.543788553805323
0.7395839141163423	10.649395456369932
2.3119833197769517	5.02262535493732
0.9986675068638542	9.152994712384245
1.9841601232879522	2.6195070862482757
-0.3018977308615449	2.937331179616271
0.05999913470474416	3.131210746594576
1.212530852121723	9.639027973073734
0.7894949013015378	3.616118867036877
2.2319481060188076	0.10846538638563663
0.6129597014732338	3.713842326764226
1.1565409341424697	1.913711103644704
2.2077961680139113	11.887877942047869
1.214930595916069	2.489408187250154
0.7681340173411861	4.051561423786461
