1.6418675710402926	3.4925699833087878
2.4202751212489364	4.066973702643198
5.989626167741669	1.311671613376871
6.698263693004219	4.56134344858801
2.2885399285012378	3.595983630880932
3.0698388173946185	3.783618684641537
3.9765293596657187	3.790288555929441
4.063865421181997	0.3193877307232946
6.7373721467177505	3.068644989705238
3.8226061787348886	3.7416303343273336
2.7170394320292655	4.001861872407027
5.937456646088387	0.7423840421518038
6.170608481263958	1.6969825613239968
4.658618025453231	-0.7680391331376373
4.576179703631456	0.2511790728816208
2.3552890622766816	3.5770717630755824
6.150848084634016	1.0474775637348728
1.974710358348422	2.4334787768100563
5.972750448597263	0.9644509435689659
5.978302991410893	1.5323939918946015
6.056542888125065	5.635189389042342
2.586350033544455	3.6477679976772692
4.7164905347934125	-0.07368345839809542
2.6525693988211643	3.826744117040357
5.368872915894207	0.7485839081432535
6.108442244311907	4.9817233165900365
2.7299799070317547	3.593838194415337
4.029505104330321	3.378285471089737
2.5240438073154494	4.020823290540393
1.8951161870940303	-0.39599692068482106
6.118873678090485	1.5349812866982138
5.815271579168413	3.4254666399297102
6.521661451229112	3.233428351300413
2.508146390024885	-0.7803733018663594
1.4711995023208662	2.3489502236576465
2.3065761701256973	2.5857980461708774
1.9888107340653125	3.4766665725932526
3.725527893533354	3.702487733897577
2.1776877460165642	3.4325216154304576
2.8381922555660535	4.4302580771308
5.211512477974287	0.40331667304829777
5.784202698111134	1.4330535737298398
1.6321734002536137	-0.43844380132272764
5.677907698869072	0.8737349237317065
6.47713390726381	2.1457004146902054
5.91001862308715	5.405121576773096
5.768611828429861	0.8182837459346497
4.974651207250296	6.736969748469782
3.7407137833896393	-0.40369946524421385
2.8025185878076986	4.486687383992413
2.543912575040273	3.7701193941853735
3.0389114519048817	3.7603903537248735
4.998137733279181	0.00917965461840975
1.9325896746384528	3.00910966452488
5.148242030280112	0.02485959308357133
2.1697874816060416	3.6035661909145995
5.599475885015087	1.028442367164279
3.3640213179398564	4.054854638245036
-0.3362690277460892	6.477539999721199
2.155701854728309	3.373511174758002
2.1482275837985148	3.982561944716101
2.386527967659033	3.6152991576670646
2.1318844260204464	3.571898818780058
1.8834152143855758	1.5719713112851803
7.007689875984468	3.290206994087862
4.052966113447403	3.741373527630783
6.201341334515467	1.4948034888534778
2.7974687256268456	3.5689379579297755
5.837780796242186	0.8377648279573084
5.72953795312028	3.786515641639702
2.8636054073768475	3.443690123417747
6.639598616757758	1.4280390569912509
6.0621727123025995	2.369294129633109
1.6535038873043832	2.1736536669014344
5.9851278965786765	1.2676536677906092
7.882397339030423	-1.9121269064904642
6.227809782578531	0.5595246844495882
5.97821208164885	1.2937671233140606
2.556402145213731	3.9748628542044275
5.5325374801269005	0.9235330018989809
1.4118010565372927	2.940107247946708
6.058278626698462	3.88471441455578
1.8980126568305988	3.034337548848308
2.560746083439872	2.9775767633205783
5.047784908752597	0.31295694023427334
6.876029752565961	3.121552083916901
5.927902168507882	1.8921725592824044
4.840347249406304	0.34560705452083473
3.1145574471066975	3.67115535213498
5.955073364023105	1.3843628905778136
6.304272765541451	1.8150112157876137
5.514754570778763	5.139001935780822
6.7341228599866865	1.887302828998037
4.47823636552123	-0.23685112035323863
5.818555237225011	1.1985271193074265
2.0806172927728617	3.1451319365586716
6.165859569742668	1.4573962076890616
1.8498454873789214	3.3655044991438574
2.1472353786196137	2.030931824116257
2.4152967041548403	3.9869475941277948
3.53540094670821	3.6761185097485845
6.032854584817873	1.4754697741427925
2.343982934445149	2.5471167874825227
5.856220412940754	1.0434891709801768
1.932851690354458	3.3648028558151033
2.5435136801282443	3.735547373068338
5.76018770493459	2.092894604819116
4.831973797982935	0.7140927740744667
1.9785200896148487	3.3901869276764223
1.5247023053593993	3.248990715024367
5.8995723105703135	3.8613858380731223
2.236975970691561	4.38922355437746
2.361293897558191	3.6681479236602765
5.677754671766533	-0.0704328909436267
2.5690639623070797	2.9236823465244046
6.520489973221873	1.791426192014354
6.151239369626261	2.0767929120516397
5.67131818751176	0.9207177629933834
2.528993738111924	3.457461972613114
2.104560364748097	3.4797652221432642
3.1730196992955517	4.117307688984955
2.493459834467194	3.3649338068340118
2.4236613687882573	4.438586657903968
2.5706569512213426	3.833784712709731
3.264137592049732	4.347849024293344
6.192011339758523	2.143319009995378
4.5251171683405005	-0.4437342732972507
2.658307360232413	3.156664873887502
5.039736110378297	-0.23268964610724874
6.173476291573923	3.6831358693577134
2.3361429227161907	3.679786166792927
2.8295055622143153	3.6596836263533614
2.5283704212006484	4.453950189308999
5.356765762917277	0.531219576106412
6.560598987731659	3.3752911975431648
2.152848588263275	0.0026551996860941784
2.6691790469211143	3.9579732932590246
6.783449330016177	2.746222248521302
2.3674691367354215	2.6098355798294057
5.702465708594575	3.3234121222969555
6.790385116181588	3.0992775188819977
2.2956415612923116	3.868357372482663
2.4068143455315827	3.576244964247612
2.487861732135157	3.7780759993557713
5.88313297279693	1.1483611592852787
1.4440158824267126	2.921796046106499
6.798323110582587	3.664986177715202
2.6806818042076963	4.315999208045367
2.125579951573488	3.6496598260331696
2.246144462818298	3.527804952102572
2.432790719132546	-0.8426723182337277
5.930097622314159	1.0603847202290995
5.796785076120953	0.8885053154403
6.137439565792669	1.7448386264501483
2.3356993275300377	3.6328818605762025
2.0471367097468955	3.0546328344646434
2.479806515331735	3.743536753604692
2.0815739333626486	3.6374206322950533
2.1688031820146314	3.062478880193624
6.507304403687216	2.959269912839666
1.7049771734395374	1.8520843705272392
4.809666138405798	6.620365291439914
2.765884167309333	3.129403089477131
5.675910330610168	0.6488026871680113
2.8740007464055886	-0.12823465519669064
2.9137650451738235	3.726217319880158
6.474779046194738	5.071969135319121
5.404077366294847	0.6842746157967095
5.550875561723971	0.4410628100589249
2.4654439595936046	3.853965192458417
4.044066522192627	3.7608852949674905
6.104635896214845	1.5180195323947099
2.3619816402395455	3.7476906585429153
5.604142191950512	2.1018855129330642
4.523166156998816	-0.06655072264210382
5.218368437881739	5.548372697647387
5.502615252284211	2.07122935341173
6.035211558267207	1.3953997063187846
6.071736120084994	3.7387095292832395
6.695938605713818	3.1825826341194667
4.868154276184527	0.4379353341748695
2.4321966219465216	-1.0599660556875277
3.237784216870447	3.911436438878648
5.775239143015341	2.0795965541750956
6.387572305538251	1.1673563153587376
3.531296392165938	-0.6185578322113985
6.411185120040248	2.734000783153385
6.08567141007473	4.579756949924827
4.233384821421904	0.4169008020568734
5.093750114782095	-0.6245247429024388
2.5249980913680456	3.7752574982694127
2.8180188256847565	4.063025458830499
6.09772833299649	1.7431362907445778
2.2016841046204174	3.1317485889191716
3.860085043129118	0.043705023966108314
2.2007818548798324	1.7132570263903442
2.037668511987098	2.2083430879532946
6.650376168942633	3.7856149582423595
2.167157162521661	1.7300933940862384
2.0192131557978494	4.162008248122794
6.012561719501409	5.890801433040906
6.448592077889546	1.4756998001876158
5.09587986788711	5.916466351150522
2.145382685513418	4.045685916356309
2.3952013140880473	3.4698892639578593
6.508038698214778	2.5246637745407394
3.217668731367412	3.7878266334990207
6.0077529001128	5.893753377481945
6.1106605437685175	1.686819023019744
2.0992857715166133	3.2693801089883276
2.260084569170165	2.5616003014824273
6.1194149718038755	3.7036974191944365
3.3274100622455443	4.3231899262585705
1.9369103306837812	2.9081715468620932
5.083008002643011	0.9247334690019513
1.8514712676025258	2.2951740264487164
6.070666698841634	3.902396103966169
0.19938113730510812	6.929781554336957
2.4229927233077904	3.6445359891507225
3.719814116210051	-0.860759357156542
6.609379656485674	1.507022843017306
1.7460330889139668	3.7190509088753076
6.661472934507554	2.9469365642721215
2.072334543510093	2.27422342601218
2.854107050803005	3.8252691521100832
1.9331271553813414	2.2153865112265265
1.8488066000874603	1.348564436535114
4.885041021783253	0.23276071297106782
3.0826376901855017	4.003616966013949
2.122534533748073	3.5130343352773736
5.671016764251491	5.658684100403571
1.517093129302387	3.4529058005931588
5.554359740099565	5.641933915827081
5.0885515645867505	-0.12714570951052773
2.366941799536784	3.553706024885329
1.9438093495749216	1.7755261952222328
3.039484959507427	3.4409417116625107
5.410065134605136	0.21364772392497722
5.972710055086932	3.874578019106884
2.840182745406116	4.115456832627678
1.9307530912088517	3.709372408098889
1.9980507357801656	3.68986377293279
2.4556328366940687	2.7880467949181003
3.003861486470374	3.842822251219706
5.914916880249976	0.9978786160181712
1.8609402665595889	3.3951009365503
5.756827866916931	1.7261194711232004
6.043090572129004	3.674796744904556
6.193755540281998	0.7530237783676936
6.090259371512521	4.902696845385867
5.943611862746303	1.2929501611144714
5.279735053991704	1.363694693147711
2.185702885674319	3.535806226592096
2.5323042458645366	4.061560271699469
6.334333153236833	1.1560030582977467
4.149034439578339	0.27067989753376365
3.1740294418778268	3.432893394075717
4.60923220007589	-0.6639094290230894
2.4693773555500114	4.3914132584477
3.9852317487153472	-1.1463201076527718
2.027648059271147	2.519340513080582
2.3214765318962893	3.587087617235043
2.1097551893357163	3.262599436490434
5.853988620625652	1.8830014837366977
6.6110281432857825	4.018347733554724
6.486351082086465	4.310261353782231
5.599723242039612	0.29978018346659985
5.852556008211512	4.471617849595983
2.8382277451994438	3.722899817954352
1.8899004177856795	1.5266439958354958
5.36313555921634	0.6797163730380098
2.7695496454384085	4.034108649026583
1.6778168467916386	2.4274953953440193
5.782007778022768	1.1440997916514055
3.9039934445572353	0.05363183360346069
4.355510486276046	-0.7766416612270941
6.152553154089538	1.7808009671359408
3.8204290837702626	-0.580321012812214
6.057590256575917	1.5899605559136318
6.581350814330023	1.860240045391706
1.8985751176949652	2.7736728483491078
1.5833532987483614	2.8401680101924973
6.118428056722538	4.740900703465921
2.470851322495315	3.5009207023201183
6.558835641899704	0.9217625977910187
6.342119683253668	1.7074114566598266
5.340990017351318	1.0247142317092526
2.5856861468552514	4.213182538181699
6.418983955557025	2.1326074663548327
2.290203053281688	3.951452446594624
5.826072188492176	0.9116593666113793
6.288373714713564	1.736505449700661
3.3399588711770525	0.048813665294498154
3.2673419300987683	-1.161997051678275
2.3077754495600478	3.5969970068848363
0.015512646967144344	6.736860305889742
1.8103737073705564	3.138553609505151
2.859571777631593	4.59596422159437
2.1179036926858386	-0.2587472086887761
6.764633796469718	2.795055846280188
2.906365080448648	3.795915979376965
2.055914051256277	3.70545673843587
3.7639515855437042	3.70683916408464
5.450328572523766	0.6932258882335973
6.980121621334346	4.24513285304602
3.252551370476273	3.564751954954482
2.2668978863268197	3.2440984119488183
6.853171812926702	2.0574285285587317
6.146733138211718	3.965347682967739
4.157344479294498	3.4825310704718584
2.0777226527389177	1.8405573666547208
5.605978191649044	1.087372930831783
6.647742543000542	2.6086268729896136
1.4121836195958237	2.945387193022628
6.176266944572992	1.7064514942758342
2.7492572256888885	-0.8729657623004083
2.430620300348779	3.599928101376684
2.957292378250177	-1.1863428851770816
5.291639442682601	-0.7034448434118112
5.644417189274949	1.004418663812698
5.436786606962677	1.319381544583738
1.5927451816618585	2.4991719907216687
6.066544937892772	1.5265490058066518
5.291101743006154	1.1267085424848684
2.2589161007398313	2.455527328558949
5.067817588187941	0.8882944165028182
3.307717739713917	3.5631343996238636
2.9081271588737163	3.3834825904824277
2.666525065891909	3.737808066992572
3.2728989913057425	-0.19735450888709405
5.73881430155638	1.9185903472203294
5.128608654340457	0.5439441830796503
2.868356034222536	4.133468131045136
4.991441369325877	6.738274696495079
3.261108593440566	4.022659056652499
2.2907509404919137	3.284671795337047
6.300971659345519	2.1277708249913267
3.3280457795283933	3.8168691833318205
5.484905034937663	0.7375305373324776
2.6095509228025757	3.99818316613212
5.495452957213752	0.50126012383453
2.29805700144813	3.540419254088088
4.553829477693841	6.837548157707364
2.162409315464942	3.421423244511697
1.8067263148316322	2.1496873220220087
2.004026574829306	3.2650687328077748
2.3222186577995347	3.6119104479709243
2.337721817035981	3.6357074942203593
2.2010748321325413	3.343782085438784
1.7632874019857017	1.9598810352403588
2.981303718773973	3.75229988801667
2.214131653669304	1.7928798948206444
1.8823612700440207	1.9489899769927188
1.5630840611775771	2.930934645386854
5.749507517680919	3.2308639235462944
2.6900359751830862	3.814743528009144
5.758537981134881	2.127237373041086
5.9474288510711	5.805886726564907
4.777281700373013	0.05518675130438311
6.371521623788886	2.283700279449919
2.188732563187244	1.588790982824416
6.0887256737709	2.514727631695966
6.035768529319144	1.5620205129157632
2.3236943895861377	4.035580941434407
5.58274980268583	5.510296755207901
6.215735576803289	2.4313745789296712
5.736555323961815	-0.20530665135644854
3.0994005074233177	3.618665207073002
6.238929814526649	5.405068403769828
1.8908660670954531	2.238736186968984
1.619082799322245	3.6527504373181245
6.643139175569825	2.287506830215676
2.291809163243084	3.3196971781324733
5.288496442977613	1.7481055897153732
1.7411304822449214	2.101244607454134
3.478640252175394	3.661107867455679
2.1396022632533933	3.4618461076194826
5.952176581319657	1.2528273787402089
2.3423761920597506	3.622407488253143
4.124966720421293	3.452646829652639
4.697648919245761	0.35710568039351065
2.3313641552964346	3.0037454926900917
3.6964337314523297	-0.06366048542807334
5.712567564166812	1.8491318455338768
5.966020954049611	1.3349419254375166
1.6291528638687085	2.725037748585014
5.138782788740064	5.822240769029387
3.3475585766546514	3.882350171063881
1.8102481164083266	3.350505035537201
3.1487147186067315	3.5461393710496614
4.7980737783308	-0.6537388641990738
2.2533437946348878	2.8495275861697773
2.3206016940374714	3.8758292740815143
3.372807435717714	4.095698374373599
1.857983663495642	2.081260380221533
3.0993835832983336	-0.6262322581054507
2.704525542483388	3.9486937775909827
3.552662046307652	4.171708339436794
2.205582072804098	3.476562594981022
6.019688443081397	4.078932021384477
1.7525147623471038	2.256544976174524
1.7702458722326173	3.0442826484501433
6.5902252367580285	4.45719430110409
2.1692605336335093	3.3922653125642364
2.5169441416902156	3.104710698480492
1.9215086471661873	3.8169987598555397
0.11498191238332194	7.290992227163175
6.364290790750308	1.8547884442147844
6.530713055712374	3.6065986441594386
5.124463042046347	6.285971491565988
4.967099102370209	-0.24745185117800306
6.12178371787296	4.2159143268358665
3.8896040041162463	3.6591440371878594
5.94809462226846	1.2835815922474922
2.9047633253013716	3.769201263975814
2.1617822236044213	3.399992620191529
2.224858972952563	2.7622124467002416
6.347257627964492	5.362680690998309
2.7908821786609277	3.373124821409589
1.5057875521489368	-0.456670391685976
2.7386620985121275	3.2103088219536247
2.230336344838375	-0.6924325068290855
2.3150612225052973	3.537521461815791
1.9117368977552125	1.45239248361138
1.97858569316137	2.7637764270345504
5.698638767397035	3.5885223046506147
1.556799402738356	2.601699657751705
2.6962358634446426	4.0436323148295195
2.28913177805576	3.716609948778429
3.9219215453867204	3.393271745973593
2.150990203830895	2.8432415437072818
8.145762761639896	-1.6311474695925638
5.6353440996178215	1.134044524705148
6.3111035077950035	2.1781408927764536
6.084690736735689	1.3455552186529607
3.752640218638269	0.0849276366406233
2.2259330082394126	3.8196168353892865
2.4731860575383458	2.9225189163326815
2.1218029497569137	3.256197314469178
2.1416892001442367	3.0305168333295716
2.3123725154631027	3.58114505096591
6.1397738851516515	1.561414044905881
2.4859713778091823	3.355760128981652
3.382589924462794	3.942298617060208
2.096407500682498	2.0093847203068087
2.0173908297126433	3.1968235780433147
6.558436718239994	3.5036683398483714
4.801404976734522	6.69995961793135
3.3185700105246654	4.310683753791861
1.678944566505375	2.4178181061462904
6.912940303596404	4.240167333027222
2.5889926150967075	3.8964235340120688
6.421872476087672	2.7413995720840374
2.1551289292974856	2.1136435793342563
6.371524526677416	3.1969530972558173
3.3744334837074033	3.4473723023032457
6.620551186690857	3.101323239672642
6.298006451275998	2.8003319890382845
2.876386776346242	3.219828925461668
2.161623356166014	1.5322196508141497
2.1354342760797507	2.2215474517714644
2.2843173863111454	3.5136159062550782
5.979148587779538	1.1146055601627287
5.859684464299175	1.1926964088092413
6.624282224272275	2.487209396130083
3.6275779946771967	-0.47995336244087694
2.268110947543631	3.8598456595840744
2.7116993275810435	3.890668297870637
5.566600834247965	0.9691225472239768
3.871036202079816	-0.2665978715856263
3.229953544534716	3.6791042457277605
2.300458203275405	3.5893629182134204
5.9044639634501355	4.962663840640962
4.667903423108009	0.09742858427134715
5.070233930556357	0.33532514363403143
1.9883801017420246	2.791556114002974
2.6301210273505604	3.7519863947143888
5.713924650774459	3.086624032161518
3.3291131841454167	-0.07416708930826266
2.0635438662197103	3.7459664210768917
1.7907927844530604	-0.3666842487772559
2.5223311329711304	-0.6656137042461365
6.287693560047456	4.034676700926895
5.957038489017107	1.3211497366295406
5.243074559834499	0.229202748526518
5.276016528658925	1.010579790105222
3.1521550823451725	-0.31231297340309006
8.257184830585814	-1.5246063088957509
3.609655502976671	3.6584124121761317
7.718942985835827	-2.512317051752297
4.915646124403575	0.4223765128462085
2.002807702450192	-0.12218806045708153
5.953101355494222	1.267289027620381
6.113314707690138	1.1477228240968862
4.303811535586069	-0.7817395132694451
3.9416366047915012	3.5274313512583344
6.237390204467596	2.2469824798931413
5.118401770243672	-0.32636868208014036
2.864415774051754	3.202634655297315
2.3026197275046894	3.5883507565464408
5.930202002062474	4.677119251848949
5.766958720294262	1.5383380569107534
5.542308237461655	1.4100151515929444
3.7367873934228992	3.4583444299090385
2.105162651289781	2.9479740333999014
5.489925884692877	1.354181646658653
6.092573721584126	1.4837182302396537
5.7821003011830125	1.302030301933787
1.7841574421349273	-0.5541464342309199
4.007588765025849	-0.6134296006438804
3.290724822924337	4.254513800178729
1.9094151919099434	3.442348470156878
6.632943399372179	2.7322026820114207
2.6298699521630966	3.5466867008719474
1.383252726720521	2.4724348904754434
6.647426129836569	4.149110964786268
2.455724332746497	4.074193947528861
5.978776487267311	1.2528582080654571
2.0352207729594394	2.4360957811426758
1.5152713797360644	0.04927788932475874
5.9066755564099065	1.1366867019270503
5.864232659307969	1.0925314698611204
1.9699367143843287	2.983118621391762
2.2180401320156102	3.080208969853561
1.912647490875926	3.6783859726314994
1.958305680859932	3.9200858094152697
5.879607410475941	1.503617169462705
5.732201309137243	0.7002651693970061
3.394110433477378	3.477939521196117
1.7545865816070885	2.2886286095418793
6.091586817971979	2.959992644193524
2.62588863901223	3.5083737114886127
6.520382777669883	4.825185537478176
2.2147760465223296	3.6244631106045166
4.5509358317312385	-0.35295955012240343
6.784717859700418	4.741717567234734
2.319196960923402	3.655142309048881
2.12127131021414	2.1752982490325716
6.391459763595286	2.911553043773538
6.747751145777397	1.7744083584045391
6.217879476354723	0.8232634745171534
6.201157245418002	3.2322366389380237
6.0860958397726055	1.232774413341049
2.1145857803777877	3.6862560051346165
3.1364361025894283	-0.815457023493245
2.295287877990009	4.263431659051039
2.698156789027362	3.63303784094577
2.2547140934179817	3.574151741040152
1.5462169821994534	2.920238357042363
5.861997774439952	1.5436009174988135
-0.06402009209429481	7.058901956892613
2.528069723080955	3.9941561442407303
2.829408516179645	-0.8310046282156582
2.0726825013267445	2.473767157730861
5.181447782675808	6.7180385392943665
5.957524385000365	1.3070271171811858
5.68475328907523	0.6182793911687892
1.4570185576184005	3.099682673634665
5.868838487346325	5.593549867399425
1.8993711051717508	2.2199226714381686
2.939098025945464	3.6493299545237696
6.000979992387812	1.7839102387679164
2.230685501107955	3.5132294391733567
2.4405120004160885	3.5064965455775376
1.9983134675947203	1.5989906011427246
5.203798656089615	-0.293978625252445
4.067968671949374	3.837057261887416
1.8865197083102996	3.218640476327017
2.3104830834894705	3.5921966180946074
2.196034458274178	3.6819093116683823
2.302142204102202	3.356455210817005
5.672002999408435	0.09317246080844521
2.3171517529400876	3.6745444578506037
5.514781807254715	6.2590958514522
5.679331903348316	0.9481867797840389
2.524879829476867	-0.9506507861935436
2.29340606820774	3.587286747401931
5.96859793400599	1.2141213408116611
6.318163309420415	2.44583023850965
2.510484503079508	3.6556851342121144
2.0541486959866395	3.310739547572309
1.6903400098221906	2.403082847048135
6.496660419021124	3.789930762455379
5.758580235840826	2.2663714132046198
6.39128666390475	1.5798043507479504
6.242199820759771	1.492450957321346
2.002052386691203	2.771295567700643
2.000412469464552	4.169348282155426
2.246386904543806	2.3524861834583453
7.135569361729055	3.072612702087524
5.536583213831453	5.114691336333838
5.05799680558538	-0.36251539569859403
6.019892769311073	1.5349406507927514
6.176659631792279	2.5092976835804537
2.983855692775731	4.51145195408327
2.26451020123641	3.5907132554441703
5.961761995254819	0.13603810249907156
5.203438539267225	-0.5032539872200079
6.244735609295213	3.710574183306261
2.691837214723354	3.3870364190669138
2.0799244316696948	2.8530943295876163
6.076932680354163	4.927350209437359
5.462116356864512	1.4931066759680633
5.781573635636677	1.0245295250002955
1.6687711437992219	2.87106231285068
5.7634018646561636	0.9475961419865713
1.7372797765815982	3.802864872679528
4.336432300076814	0.29582942515324007
2.925011061622985	4.184391875672171
5.4292338050504565	-0.18409594234930093
3.051875774278742	3.621489307691358
5.544179538314067	0.057599955873905984
6.404836714522781	2.2820412373851906
3.2867951357218463	4.068144291024805
2.3728532600296504	3.037835881029188
6.451020157489134	3.7671691462467574
6.353796776141869	1.30951588518744
4.8210721193990125	-0.13902238606460005
3.28581558527809	3.80183433427469
1.7820046327795593	2.9830516290189184
2.5576276245638097	-0.800479433909306
1.9571402315874924	2.906448078424353
3.559511089772119	3.5457370586828945
6.2914624107337405	2.7056956922464543
1.764084484054011	3.2088390566427147
2.1500427192749694	1.2208732824059512
2.2301506934755495	3.483021471321381
1.90519368833302	2.602023498174415
6.8736144225694185	4.2584137591821625
6.371047220488962	3.1023807249503927
6.805858772141343	4.365232436112953
2.5155228883363843	3.687388548751227
6.2586017328571035	2.0198995293181436
2.084144577285772	2.9778347485825094
5.665695209478392	0.9321218535725655
2.197120843215975	3.1444163111572574
2.7896250771608675	3.4514516093996415
2.5594801271884497	3.4095091665599364
2.275843340737769	3.116059441801872
3.147687821767078	4.249360287024128
5.676208107236921	1.5607538345301126
1.9696479502361053	2.769843723623483
2.2298113885511213	3.2822509877479344
5.9541951007495255	3.406899377752886
5.992364030999015	5.084669068562695
5.9379832850260925	1.1637810094076615
2.4938882430451605	2.839609268124888
6.274497987190891	2.308404194962328
5.613197030582792	0.9085156742363258
3.561338067968701	3.7728398832109886
2.677992817476531	3.7550107692026735
5.836571126692581	3.85729543378021
3.1760028714362107	3.5786499089486377
3.78213311768706	4.062390216927237
6.5025912030374675	2.0002403080818274
2.6468218330213142	3.9560817862533257
6.200070073655282	2.86240407013766
2.599366449223704	3.6588846320117745
2.0361557971160664	3.014346072093928
4.63708226105407	-0.04874672871038399
3.9388403659208455	3.2824374365771445
4.752952100961253	-0.41490619318239075
5.958122448167313	5.038206596152339
1.9783086912840444	1.5089239901211795
6.7207632024358945	1.556632446528682
5.453207356225868	0.49190859090532335
2.368688452676091	3.6213520133062227
3.879143838943956	-0.5714457425638657
5.985678113072968	1.4664482961746246
1.9951502199736941	-0.6151444797147905
5.545426981972606	4.810391032513252
2.588904606453575	3.424580006931639
3.6658397180524895	3.8103089927045013
6.3218828557385915	3.2495580627195455
4.354492667416642	-0.6528267645856367
2.3022953392434817	3.595304875620482
4.903229732288923	0.45801670573112885
4.759419996618483	0.27861462951283533
3.92225374252343	-1.1107105884182373
1.9743524177808434	2.497878054351828
5.864807438097605	4.757397574395999
2.329212251048141	3.637484614781419
1.865464092581764	3.0462894970864616
4.005125383729164	3.287851468365106
5.445758083565402	1.194937775273151
2.5318868185797574	3.7227540256503984
2.082584102232315	4.145709503193868
6.568257740693538	3.6333672514447533
4.646638847787665	0.5155539309812727
2.300426491767341	3.6176824350103307
2.2446038366703354	3.98806603960851
3.4306168388757246	3.6572979885584136
5.856158640919516	1.060863482285359
5.810045776286603	2.4142835171554045
2.3656534163418015	3.6158791208273384
1.987654042111617	2.152757276479851
4.3002165364585	-0.41430492367936234
2.3463350397717715	3.752786154871269
2.287316840466857	3.803143898971531
1.7186597255905236	1.7976319744934561
4.885742620072502	6.74901669386999
6.425017670999985	4.168771846530502
4.924111479881395	0.24734026971223289
5.561880273791451	1.2955543455679135
7.760487903137856	-1.8754345578159493
2.523107173016407	2.88719006397474
2.0319353677438525	3.9459746746045474
6.08172177970037	1.5399433891776124
5.914762422076174	1.3806186542878156
5.360989494065814	0.22546656154129385
4.177064577328676	3.6109733996603803
6.174795803322654	1.5593070125757533
5.726426394856885	1.4664283585418252
1.6890382625654823	2.946055642093399
2.214328431128852	3.5992613185511586
2.7386518884193487	3.788129663854844
6.4248376577042325	2.4329926921596967
6.899479610485763	3.2238111902142164
2.401967765025408	-0.49999566626193204
1.239560029332313	0.08619133646330823
5.573224334598823	0.6952010750240101
2.437061351867366	3.1638050681976457
5.791932164940911	0.45680035256441665
5.244003870980727	1.1626726254130455
6.479891163613806	2.8706246163982607
2.309605340412907	3.6635709975808024
6.032300953190025	1.4302254768212341
5.783081924628688	0.9159676363352465
6.430479788272285	4.750026493918904
5.9218775248248425	2.590956518181815
2.107834301331646	3.743344056474167
5.943855471190407	2.7294678197873603
3.0818099051840284	3.973374222636554
6.51491523488776	3.28700770699541
3.3486837053351186	-0.7239150876641318
1.8968834857251613	2.9198610205727835
2.232805834960359	3.6985135322852933
4.980387009741603	0.6088984772558583
2.222354572311624	-0.41966141547789704
2.180825860940207	3.433209344240599
5.607983395912143	5.666817095632382
6.051035315894674	5.721395351609659
-0.030409550531254135	7.137578827181251
6.574410865989734	2.7540217078272287
2.2365813968229866	1.9469652832103996
5.944903984693583	1.2582980771552772
5.734322506080264	0.8274553661637545
2.091650467153277	1.3937310715682951
3.3453142185325104	4.008097186614981
2.2220933748302776	3.5937967110908526
2.2990187575844936	3.6622712263293984
2.157263257324099	3.4841299898862834
1.975661712931226	3.297962353050089
2.2066566997874104	3.42681788373798
2.4543906942002565	3.819851288095278
5.692467398389996	0.8055999905608853
6.591455900157275	1.578766353186947
2.1436886011005387	-0.8421303863739116
5.312262523576979	0.5994075411789006
3.102604717047748	3.4538997341422655
1.7814114425093173	3.3200391752767127
2.348029413835959	-0.8329466896406093
5.934648076295384	2.7598671220977637
5.921026095485329	2.705479461539883
3.8401399795141553	4.009543479218383
1.68908260607986	2.4543537754001203
6.498828504954405	4.605209786602592
3.20953321680905	3.737914735441409
1.7544118825457067	3.740241445460152
1.4681254188829893	2.2499723126833158
4.142925251404561	-0.29584890143252673
4.364441441307185	-0.2877116324367819
1.9741862697164003	2.0069645237688887
3.6552312520028556	-0.1380080886266346
4.420986552706288	-0.849571077323839
5.552548006944998	1.265903364463489
2.1022385191536666	2.3429062627304003
2.0817343040520777	2.33769140767529
5.750987899740384	1.0477127290679458
2.0246069104485165	2.8891727646652305
4.733452717448895	0.9641407477413448
4.929333680152985	-0.17452252462407625
2.1390282765957	2.4221292685553113
6.00331836019273	2.4547181988613644
6.501125848350311	2.375992756292211
4.0241343857643495	3.435460017279453
2.0954422430621182	2.8759872609928747
2.3981579082774247	3.6550235713118044
3.6310717035861564	3.659862122299361
2.1008178617722386	3.327707580854609
5.7109682113216325	2.499623044479178
4.543028364452647	0.056851019240864886
1.9957618534620403	2.2000637591815893
5.9618690092121795	1.9757108053128396
5.564814956500269	0.9957668237541086
6.797478531193705	3.0179098818699037
2.271854558800149	4.278327124238113
2.6808885868569794	3.7824078993395114
1.7774387525723176	2.886646615771326
2.2449908916896435	1.9917247699032767
2.6500232342212175	3.7872205045376264
2.205808376928338	3.0089511101651008
2.057747130606582	3.624255926269778
2.9252386953604277	3.784383211463307
5.897626067665206	0.8249022652297486
6.044290003547072	1.5736177403203317
2.2720190985548614	3.539734412110789
-0.38719072442876407	6.931885815266208
4.720488089408115	6.467570884611048
2.3545521895184165	3.4020390494035224
2.4482593136341535	3.8400514655616464
6.011102441835011	1.4123860251802638
2.2205888573634502	2.641498433573958
5.926092642234969	1.2002604346996173
6.378998524548273	2.5354853205929553
2.3360185530824946	3.920340799199097
6.353755393316175	4.83904191280053
2.3974597758581613	3.7874808890337435
1.9159386452115175	3.796236962359261
4.959509159605468	6.530630974821397
4.703461897668687	0.12397330921359817
5.081668335782934	-0.14682868385164305
3.0274312443385156	3.3552702084111696
2.030606395603029	3.8420525872149156
2.094466787921104	2.8434850138705716
6.132295087821453	3.9184173609438013
3.3450080946271306	3.9291716932641965
3.114711062764198	3.54624606826569
5.850168757303211	3.9304549755443485
2.202243206147239	2.3943942812728016
6.0471727002054365	1.50046251389006
5.305539361332709	0.3232561282388908
2.09411787348117	3.4466442857787505
2.1210511266893155	3.0840542108826683
6.25931687470815	2.512859430442647
2.2140864303156502	3.5890445665122743
2.2284475058192323	3.5933314671096657
4.920308067314981	-0.15600893141154826
3.1854316555128044	3.9510485057293008
3.3688758372198095	4.271596127177595
2.198969250570613	-0.4327069280832534
5.047834736502323	0.8433879146486354
2.2528684321088215	2.004830289576461
2.6228190990640057	3.7364934800872445
6.1353064865842475	2.3604799526615667
6.277015728941645	2.981344396799932
5.9262858031772225	5.919145133194826
5.6534974485873875	0.23280154574548328
3.3796590170449945	3.7512733926417137
1.569859623098326	2.871256364377203
4.8894122127823385	0.8192698345288991
5.895830970157737	3.8973947682836294
1.772395638693199	2.722699505795834
6.932997927968091	2.808645396004453
6.302117954832705	3.526855405235477
3.899306480065641	3.683678800102884
5.2983002499636935	0.6859998405024013
1.9205675396818083	1.4335824434767628
3.1631803237193696	4.411211440289591
4.6297091316644	0.07317638959553863
2.1524669073798126	3.2770974535110775
5.92721517542466	1.2270103089315625
2.309286098822155	3.302205517152103
5.260394240544145	1.3814080482004911
2.1587075917410825	2.908094370854111
1.9109032330627351	-0.8019268870664336
2.4034160679498577	3.6830188103668586
2.458010451525165	3.609557696578598
2.2425173162250176	3.744899081098174
1.7487665339996386	2.745490277749791
5.086508707535902	-0.4136761867677814
2.3097585315614273	3.5984583646754493
5.962348047536799	1.317658743792245
1.5010325346509283	2.1846267633457224
4.156276082508574	-0.5368320835865319
2.419626559146967	3.7316684333018655
1.379261435788045	2.575176132126737
2.2590261929149937	3.1819056409292017
1.5266755501983398	2.3072407613275434
2.024338322527588	2.868640977127349
4.356776289813885	0.4887497687816591
1.8961724826103383	3.558913871817353
6.724381062731704	4.61777134147358
2.783281199826257	3.8468683430506228
2.0458881130076856	3.4080308559466155
2.113991253256114	1.7635351411231195
5.4735649135087145	0.44389931932152926
1.741783334713473	2.921591003665858
2.536182843253511	3.520682673416556
5.914392959039342	1.180719413636631
5.423762279570317	0.2289625537959057
6.852652175447409	1.9851252941200952
1.7822138023497995	3.6398614423907767
5.986000311495497	1.2183548762924792
5.573671851101536	0.5594064012204232
2.8680244351178583	4.482928816535067
3.438599614958216	3.6358284005617754
5.531305303058291	1.522112491109918
6.168420210194206	4.403711019011786
4.112842484822054	3.2987743564594765
5.2173388019550675	5.67976664273249
5.693321486387315	0.5194606957995269
1.7639826714404878	3.6606401877647547
5.604064863755684	2.3413097504561184
5.930124963181798	1.8136020708506373
4.624980365336236	-0.27529297868091707
6.039789883662117	1.714585415106391
5.760599807979366	2.8807940244477526
5.762485560958657	4.929399009820438
1.9724293612934154	3.13468228914894
2.2959032188632262	3.8038041539392173
3.4489895230895242	4.419332101353981
3.7111016187600137	3.8048878634719197
2.294672443638163	3.5767910450695455
6.460089311226085	1.548412993248088
6.312039257269612	3.9295100102160445
1.6180718448324825	2.127565871171038
4.693346835077743	0.879164293355513
3.733671093719407	3.6091097688981746
2.4027987714014527	4.095472518140348
2.2200476223713737	2.4394087210337148
1.9045148830705387	-0.6144229115099789
2.4252453725517165	4.473814238369441
1.9721035906448632	3.488827390822438
6.2789001049473265	2.719153469539498
2.325774458797417	4.19792643581094
2.8406596655968017	4.458483228788538
8.050622964947653	-2.05687376536287
-0.26332543491471605	6.46035994889364
2.3919000280630622	3.508981567205409
5.750123853737749	0.8450737780600632
6.112592059992062	2.7295836210484623
5.973286832188166	1.3378424354799812
4.83213317261956	0.988018050087863
2.0709797821079743	2.1832750810169355
2.2234326327737555	3.758048950748031
2.434092362171872	3.687803448598139
2.8768762422085468	3.6416299852542555
-0.06917056167387829	6.80520934632093
2.6523808085029734	3.7747533610522037
2.723704382694395	3.785606413689816
2.1000558652643537	3.1894296439491314
3.592903398089722	0.12209015063470874
4.764770637436122	0.15957635309710572
2.891762878755122	4.204521047916969
5.47542680952562	2.1462062866919647
2.053603458255331	3.4363924767512195
6.813770110574407	2.7852987601061234
4.504706560006366	-0.6118406230567914
1.8488516266886932	2.6131921714392887
6.567296604035667	4.907070361739246
5.655001322577013	1.4266692429386878
2.89955091673816	3.929773541882745
2.798829603544662	3.4817675678743987
2.6448477682444436	3.247102085544435
2.334321482853221	3.3783535209473174
6.417587543569493	4.8716647759048435
2.7218381219605714	3.7943022374447892
5.9712799200827185	4.980231041818624
4.027111309205846	0.2897180911070265
1.783788177938521	2.6559173681674375
2.4141677792838565	3.6845766942166422
2.1392648440710715	3.1042904000097833
5.626354378984433	1.298899524440805
6.524261332338462	3.0628312350235563
2.3213882085020043	3.9845061816977614
2.336318061726158	2.975770555449092
5.858419055623324	4.18550587809609
1.4325859920388102	-0.03485254735293175
3.6992443460711177	3.718227339826952
6.895786609913156	3.327890029462663
2.3681080828995498	4.1246281761117265
3.115726983142052	4.0575505103528755
2.591979803900659	3.717521268824498
6.737054787148695	2.3048967926731425
2.4787837215416553	3.348018894729317
3.3911732787674698	3.742698925035762
5.54416278106493	0.6790805557530857
2.455073830337093	3.725070638572479
7.951288696921388	-1.9535710457303348
2.5501621156643655	3.3899777134711067
6.290882493757027	2.1613103871911363
2.382364511778514	2.906579845463974
3.549238059083158	3.8529131245457733
1.573575625763166	3.009616287382461
1.5958171298776254	2.758428568792918
3.9948967108823172	3.509060270140389
2.8562692067805338	0.013204491435658383
1.8068486008117157	2.4383924709175444
5.760104596162599	0.8020140523635004
5.94926304941044	1.4450474387239578
2.916880269178692	3.4715884918436464
5.598281571408357	0.4750776594747199
6.595110688505884	4.885368563617287
5.583655636764506	1.5065807400290265
4.98999734282539	-0.6491319454807263
3.109624337080625	3.6184929577986464
2.032231031441694	3.143644607102332
2.4785153882694724	3.779356982350684
