4.023753899691132	8.372512052355734
-2.736492149327617	5.721178657731763
6.699994369397342	4.222857075997969
2.1245078426499613	4.575780204177046
6.470572731751873	4.423399809519476
2.5435862440182264	3.888073563179071
0.5274227497087041	5.175042823778105
1.3746910241162094	5.039802245930833
6.433107430539538	4.092071015275967
-2.264197227664342	5.6675634058711255
0.3166329885076351	5.763224961819876
3.9070425974844785	1.0216003619410807
5.848522431233269	4.0180164067664155
3.328984414452929	8.333159644053818
4.803896476298243	6.233078524089005
5.423455500347426	4.009216869018221
4.037119487198905	8.136217202349066
5.360636766839526	4.5680967014357
5.6634640952038415	5.503743429369357
1.2914330250965766	4.9906903155708005
3.6619672457005814	6.963071583323676
5.428880890223925	4.929574345202231
6.4136085850899285	4.369003088221232
3.9204231875672995	-1.2025544521436662
4.673694988440899	5.255884921174347
1.2508414747856764	4.119117565619256
5.5269583068099974	6.526825183987072
6.071368230683768	5.249550441948567
5.13780857896478	7.09595996067095
3.6662367113135446	-0.48271611790876845
2.306943750162274	3.4053006951176013
3.9871528819182753	10.210141535378513
3.200242370820605	2.8160546486229197
2.1568790385189534	4.2858007897949575
1.0843617299339328	4.3608209493173735
4.738747216119265	6.314045223556269
-0.395202820303533	2.1361305975836036
0.883061144693559	5.369554772224827
5.3167943418043775	5.1987880001536615
6.9643893051581784	4.845856319634361
4.942042169522873	7.584565505210385
3.6908704997231485	3.5042762551780324
5.84200959421391	4.76912692618965
-2.711484113847231	5.605162063551475
0.8176652232789424	5.815209656917526
7.274130722932711	3.8653205925922833
5.450269039639904	4.348662760673829
2.170071716128229	4.130904871125367
-1.0345504030086248	5.732595116364058
5.538998288126378	5.2702837127817075
7.074886545972771	4.329557227772837
3.9246320708406754	7.1440112208266475
5.466354639140768	5.241824458133371
5.230440018159029	4.421011804379391
4.252451794044546	6.834772468935592
9.535296974402806	3.660128154763013
4.2500568311560425	2.5505555081757945
5.386093313337873	5.2793289525296805
4.908269840131061	5.845132472033743
6.037137791599678	4.919675036217642
4.3299967480701245	9.754777625881633
6.429349729940718	4.756462106493469
3.181387988872954	2.7489820496679034
5.446114049657167	4.3599076977948155
2.3149768578955867	4.3994520353134146
1.7554821232509281	4.375034063412933
3.4887805908278695	9.194226817929112
6.394374363057656	4.328354075415136
8.384471166650131	3.588617307403976
1.2565817461979374	4.144997774700123
-2.034170702392951	5.936326256632278
5.678800236785634	5.480869827092462
6.828985389765359	3.940857639174551
4.86838024848188	6.68913646994171
-1.938728001001837	5.301003917990451
7.774877913011051	3.6250815880315534
8.642236097886146	3.788044811949381
4.071756965053542	7.822974240262159
6.477565474612561	4.849039183947737
5.306175068503214	4.719187380505734
1.9216304318799622	3.879238327263363
2.7974614660158026	3.156670613017161
8.760704820127156	3.7909510188422786
5.708302937107926	4.856164054104421
4.991820422513844	5.455184092616343
4.735161278170111	5.4282448521259905
2.2677271186676276	4.107580426958004
-0.42133922950942204	5.7675099156387715
1.4628832716867393	4.700668125270991
2.2298805999598406	3.331782467134137
8.619306725131631	4.448077656397425
0.47163847917262114	4.255829752706092
6.355160053561736	4.954276944259675
-2.448416898355375	5.098342234151408
2.3533728730527237	4.0911824499416625
2.504613623162064	3.812327412143135
4.103883435011294	6.737816387108387
4.676373042624473	6.090232874284736
0.2503830837748098	5.0254761857365375
4.424813774688516	6.853458408452633
5.462032178587401	6.264236410566253
6.841276607792991	5.158186823464246
2.305328345447803	3.978805995460574
6.248554042258648	4.905868274639205
4.042587834269891	0.8042878773158362
4.445990537368226	6.855959134692479
2.273372804215302	3.8216240420985677
6.538360684570963	3.801489844139417
0.8552838430007537	5.499528439046953
3.4099812330063872	1.7889882475286067
-2.498969022140145	5.39360324005651
4.084687866873027	0.6326608169385677
2.1188887301506147	3.1844839857488907
6.133856426642284	3.9744892691306166
2.00637229791504	4.223991296092282
7.633140243263801	4.773571397127512
5.798668210050774	4.7782431059791435
4.822873159093095	4.4332064690262305
1.6955414706138954	5.130578857144438
4.104721905400002	0.18638024464720004
4.584482813914506	7.2442852197856284
6.859275399082092	7.683242385225459
1.8265868441247841	4.6719406391172145
3.672910644169307	2.158811304362268
0.3457474372214284	5.0610271312676245
3.377379962444298	3.8482339242822228
2.6399667791455226	4.6054002929317726
5.29829585505918	6.5676962820747695
8.42039788630831	4.474820211763644
5.669083385471509	5.399607588852999
9.725396182622196	3.6670929721276817
3.6886682710165175	9.650986780614446
1.2875231984156466	5.023029158200755
2.9814895452320243	1.2670126125175503
4.457405091492868	4.769806771743902
7.208622413273067	4.333347707798088
5.289174759289568	5.340569193652612
0.510897290649553	4.578326641096623
1.291001419804914	5.430866138371911
3.6116459368399214	2.6584915273648955
4.405713301497933	7.228275006808126
2.0533459769078783	3.0789749699775095
2.4945535881555325	4.080937042309308
4.934609908049587	5.584790219073812
3.9938782087210316	7.062096636364924
5.570819853802154	4.575912216436701
6.399275933870634	4.639216044956114
1.5369382820166488	5.497152350319897
-1.1877709038156945	5.7963573898400425
1.0777461026257407	4.060400011949833
-2.844623694975332	5.222138058166701
2.4387964549773367	3.027650150655194
3.245717243606272	8.263048572011378
7.867765707407338	4.484918404505645
8.158359110450975	3.2276108529441396
3.808108941180782	-0.5070705524538859
4.027955560177077	-0.37747953685826996
1.550410320725425	4.68394235561579
3.669130373488837	1.9714712500919784
9.549398376944769	3.893587090880088
5.272152585778046	5.473375857820879
1.2751289391612834	5.717609805749549
6.705557269927606	4.122298297618105
1.6900595206027649	4.729469208423647
4.7579445347206955	7.101224001438125
3.475610625501957	0.0022475970954700664
3.2678815774977874	3.0566056174647898
5.338229574304107	5.285841490243644
5.149955108272312	5.035302262731118
3.2452704654793134	1.595678319726982
5.555246332210774	4.984703686312215
5.564602116970929	4.22436733222828
2.8451949708217468	3.1570212144773633
2.40005498976804	3.7556484860150396
-2.757714579104582	5.573843933539544
5.173705589717844	4.6641662692332675
5.989164577665775	4.649985142675952
2.951501483030709	3.3815079925373777
3.2369090955174307	2.3545855070469073
2.7001009223071653	5.001715031714597
4.47757192227688	7.098939457470106
1.187918019698356	4.091624568425841
4.235250759385048	6.553145611425684
2.7263401881579252	2.956710319114528
-0.10824195902684974	5.278274208814827
0.40762630465487093	5.007761915397902
0.5838778120392242	5.970144455490026
6.268755493295871	5.520395302181341
5.4410800157219015	5.408875971884637
7.58731259691702	4.200648317626998
3.8963028299907374	9.140616027221107
4.439058116356746	1.0220571954557858
3.836365441097727	2.48221836797992
3.0961612451223917	4.431810146302901
4.860621567377438	5.565981606517644
4.349032798909144	9.05916026786311
3.2505943836172815	1.8379443485761329
7.132969003970104	3.8821139447275366
1.447129115075961	4.213203282545216
3.430070707170592	0.6727260826172441
8.027295487922276	3.628876897192515
6.847083254479172	3.8115435653949037
8.571228804342187	3.618138220838063
5.615214168751217	5.01153736941281
2.9785556846314662	3.50502526652779
2.900988646618665	1.421371022116415
7.446320011831538	4.4427677989530485
2.6147977418972927	3.150695460610744
5.251806655735205	5.000698909727632
6.011582635321895	5.051817071444068
0.8236526742037924	4.423712631818599
3.7976690709454957	6.479157443309171
6.522787367735516	4.938718687329057
1.0179885850183685	4.685470738495535
-0.45471207427999705	4.883419488256185
5.492108973110058	5.514996427752811
3.4987360306955066	3.4238285906359414
7.14296416984347	4.423696726627362
6.88669180320716	4.457093727469866
1.1540220952147293	4.901524385590986
2.3096550155771833	4.072286738833878
-1.5293450566890878	5.7731596976466335
0.2529460677186235	6.060826281204003
5.81224536685564	5.103680991728131
2.3868526384313804	3.9738784793766446
0.2893771400098557	4.776692608785819
1.2797070893423992	4.220096884904361
3.8384673535116605	9.088102971368514
2.294667427250364	3.9714480176316265
2.0918750663281767	4.333713898864923
6.5231789635708886	4.669853208454196
2.8628726826629	3.396810554403736
3.9623110119774543	1.0035063938307183
4.31038469862108	7.077369877627399
1.9983760851718693	4.293322086919749
3.823234128069233	6.734440455320289
5.345544804981181	5.277043227105736
1.6781636116047403	4.873237276739566
3.821563756216112	1.6116105274576882
7.635392278044982	4.76760693982677
8.52327317805804	3.8938502844922347
4.9486023173188425	5.400522732541257
5.635776602620067	6.121784534692956
2.2443441802783	4.500842141640673
4.311109677410073	6.091105743939201
-1.2099584372820837	5.556040685372347
5.215386854080225	5.312733173508344
4.702152528573457	5.748064739834642
0.4302637338067856	5.375242190682008
1.6161115180687895	4.596360911815836
5.778503845800132	4.079601623248066
2.938592619670446	1.4975286660521223
3.066064842676028	4.06656944561398
3.946222472318537	-0.2109298790920242
3.8291342975005174	1.1274803493779058
0.6188431172620064	4.412965818386947
4.129398192309715	6.9496744597749895
-2.1805548066374034	5.183493382064373
7.247842598594089	7.939793720629504
8.678840608216792	3.500850760620003
9.88872516780675	3.6305106428634724
10.26923331358098	3.9236999667269865
2.094490406047341	4.343083523747725
2.263977990410279	4.116306402666524
5.617759388171607	4.726800065662361
5.039208395755811	5.462713837434318
7.660621319152602	3.594760165753631
-1.1175470257109645	5.3750752833425794
2.183746944111905	4.527174714728109
2.5389185898756033	2.844082235152566
5.3664097585301445	5.2484724975286845
4.825966220624157	5.217293569382799
0.4897905447671502	4.599865379368341
1.9162484130993789	3.9434515373588797
-0.6275488703741703	5.938298523482256
8.75148558685051	3.823388437894482
4.7471021316423965	5.7860220718961095
1.7645269647582766	4.006354556051156
2.2761788721975327	4.208014083196079
3.2336206195333776	3.038708017282598
-0.6871439396187138	4.942917740627706
2.3742667202123102	4.695542816611098
2.598442750709644	3.759884765771627
-0.6104360612721083	4.831054539376055
3.0261857189434904	3.396299047792815
5.091837034187516	5.4831682611751456
6.010613647746973	4.824595999250801
3.8370711462438916	8.395990112282314
3.369695985746567	2.057855624717833
2.5890036799674108	4.343221025553046
5.245409932276253	4.945748720973798
4.0357844033743095	6.234785068734816
1.751036879167148	3.68726772251343
-0.24023102922907147	4.994802966224829
-2.5361563237812415	5.221370775317543
0.5536380563876029	5.091521494619137
1.9826030544456508	4.549367440752578
2.5819568198141694	3.889575249845934
5.346844284387291	5.346190228961891
1.8741059309672483	4.308138218564279
2.7289744307546338	3.056163684044839
-0.5082091649051215	5.328690275803805
7.113614931742907	4.113398080982368
3.148094051409053	2.972140257829101
1.6261827009533396	5.050008561801485
-2.926650398709656	5.357980044180602
5.184678359093229	7.000570469377689
2.999629244372004	2.971748589747813
0.0633065085769719	1.6956122518271917
3.415627816418474	4.255401987697192
6.549343641546656	5.00085590749854
3.405749752520868	2.0885089852226146
4.125465595234388	1.3005454571078878
4.227845284120503	-0.6635036938156014
2.482811269078513	3.394098029939536
1.465029746963188	4.378352183071634
5.420204381049777	5.14762734523579
5.351927946107324	4.869541972394689
1.2478429390142907	4.588637296563174
4.390908352345691	5.98147115733577
3.5590452584497387	0.7489435025870494
3.733034331834961	1.361257877207526
3.849944013299499	6.134668708672228
9.161954060866117	3.343104698276475
4.873344328418286	5.681575076373176
4.21270710165481	2.0572685251153287
8.054979875947362	3.2343779276936626
4.637500074763661	6.303597398735869
4.774969670781671	6.528958875810531
4.551121366580412	6.016510823882992
3.3306216286964467	8.368500734804828
6.547933027629006	3.6855492061510473
4.305874483429715	9.827342101706584
4.148776941704373	6.038537354546191
3.3208139568796455	0.576695563003423
6.875696346766876	4.243689302652186
5.626083901408315	4.772454501418188
4.802957242343814	5.79401644183899
4.248361138514635	7.014750231050913
2.8888062258629192	3.971209865067313
3.592246077662863	-0.7310488093904977
1.9998538966997947	5.366217673309288
2.532478836757271	3.8483054403294616
3.217731658557763	3.1261814795843423
6.882378297887607	3.992961184025541
5.140885386360798	5.311821244528568
7.312188499756747	3.401402888790809
3.7663037502108123	2.4087955809806134
9.230433230281957	4.041974559504248
8.157848522798401	3.1559123773990674
-1.687023443688025	5.085453448429876
3.5391145954019407	1.44090201661513
1.5296833272330834	3.431940183512282
7.292321045001519	4.330902180074649
3.6426231273694256	6.544015333086039
1.6505202299495987	5.462296847622269
2.401169728037561	3.970553223563596
2.4458941352309083	3.9089593234992153
2.161183571924048	4.887969889728284
4.8734855483012565	7.04906656718764
5.918409744514677	4.7320371798870715
5.904808885943064	5.02227095429712
-2.4972811595810787	5.03036821525955
5.683294469816298	4.940394813833864
7.111754299696734	3.4659357333680134
3.493921370817974	-1.1189501165444806
2.06664091616482	4.421369978363966
3.336158950341928	1.2874269945275705
1.853513000093026	4.893712064491179
2.4553648224940465	3.573537613490373
0.6004272982798153	4.653005735632652
4.704578457904251	6.320073634785411
2.1456638860091033	3.4008593917363457
2.78811692659843	3.8225589898578036
3.8087086734116293	0.5728446944585945
1.9046220886387024	4.920824549834792
6.355358012524384	4.913075288482489
-0.20275906863634452	4.689375764773766
2.4337793680997635	4.357051024644086
4.71185502152275	5.495928209269946
2.1960119146890005	4.046733884500826
5.209673882239758	4.8297295210225775
3.8747130248663746	0.9035637373225669
7.316089021802126	3.7960193083540745
0.8006929361777877	5.666982315469426
6.682677305546366	4.443736494766923
1.800371389023721	3.4547572995986284
2.3491031838917324	3.952236897651349
6.789124450199606	5.088047106076858
4.026094006853155	2.598020497762312
2.532634657532784	4.541385214025562
6.877435409021044	4.697768490851945
3.1122878583889593	4.020139979761676
3.0106034729505597	4.084057426183121
4.747280051051442	6.952941849746381
4.3553722181858046	5.916890265853633
0.876332473034497	4.953243667725689
3.8492787139013425	1.5348884248951353
-0.8124984425662853	5.500462061028112
3.852807696639631	6.495941344217141
1.7317036292163346	4.242550605578227
1.5594720773455728	4.687893303829604
6.231993093172182	4.317880329060236
3.927645637364538	7.18170444839568
4.583936327870909	5.82971394584483
2.9407528611493183	1.9219609183828954
-0.7768406932451262	4.753387581716757
1.136417719863488	5.356895971929918
4.962046642685175	5.721892371693102
4.17351163667994	1.6751140540639133
3.830046391072244	8.433413466953109
0.517020525192047	4.5046273629747
6.701111697329141	4.395446296077358
4.424647052664975	8.795203432129487
5.489057490753308	5.147116365703913
6.975527913297734	4.253034004660945
-0.9570656225485672	5.490341249551388
2.6609679749748802	3.405812689563949
9.171066200379668	3.4902724267852063
2.901635646242089	3.5143752883841204
-1.4575764748257711	5.6030389327627645
5.2287059480573115	4.877922237119695
2.8504983031630973	3.3333779678974382
4.1755151290225045	8.023050294475894
1.0539446087098945	5.443654952990077
4.838681629973326	5.575856675752106
9.34496981026668	3.808493033244033
0.795485024754951	5.154939647579161
1.865303863915944	4.3662045364471105
0.39103192578128	4.776575929528605
3.765447152199681	0.09489832530538411
1.2686854119507625	4.721499200848363
2.9353586665214335	1.6868530681849867
4.153925594789598	-0.8657194003489876
3.484401111940054	-0.5050676810380312
3.657033310007159	0.41630804159221757
2.7816316477816323	2.208653326560777
2.508841218775685	3.796126108555879
7.414280090635718	3.7867201684482756
5.28519656404689	5.374011484712717
2.361668310056955	3.837584348446481
1.2451993151528895	4.83133603593401
2.7149506026397647	3.534237924303448
3.121241379537732	3.373842971465631
4.830510432005554	4.77667241905544
4.817477932863249	5.321245328966313
0.14557181179625522	4.737001741067516
3.664710327939296	9.864834446122963
-0.23486117489026181	5.032389059049577
3.417603715563401	9.02907252083784
10.780157424857027	3.9532017148528675
6.4471386583129	4.767325119349952
3.6065446976659126	9.154119877506787
0.9023389437429248	4.882761107163909
8.196105673042652	3.9418693814405295
9.381123644044777	4.038900792944563
3.860968956555374	10.143522523348107
3.5456985867796655	0.22534747508040365
3.273432119370816	3.2648729611213456
5.843454264162137	5.067486325897482
3.9366486709438067	9.123244805476839
5.54185650558173	5.657241536410183
5.7196637307996845	4.447336350980581
11.006519821805416	3.9925076033997966
4.180413799253339	0.9205830483646158
5.352750016065389	5.287755490614444
2.0404594595764864	4.2136248113571435
5.986905414954503	4.826629766084274
3.085732236601782	2.512736474891584
4.9915217646331875	4.741945299426316
2.5952623753253414	3.549331723270854
3.9534208882053514	6.205986426736238
3.866361073992082	3.297884902439436
2.108169088056015	3.6699999974900583
4.454269885945576	7.612326429600171
6.732365284182295	4.669332810184785
4.910802652067202	6.685630303878051
-0.17854822253745506	5.484997797430334
0.9637262038243972	5.1916532461751626
3.6730551308701527	3.4038554569517165
3.373901534264603	3.8177386339536796
1.8377504655767158	4.317472234269506
4.790861303603505	7.712946014162878
4.916467747590145	5.989256612652088
7.411626747475854	3.7359667617250776
3.309030577436963	3.455549779766426
3.6701791132609154	-0.9180754865843732
3.0589579407245244	3.6108871458508998
4.040149566583209	7.296658598267852
4.039528115669619	-0.14596616754644565
7.491685956113145	3.4410158964693895
4.233502091229901	5.867391592891383
-1.063376899749146	6.099356805251102
4.485046811224555	6.363280936778661
3.7802366303918498	6.78618502218633
-0.9864508975078916	5.115038557053145
5.777318461572026	4.337737659905519
6.7943687085053295	3.689910627988102
8.522846228821859	4.453770839414069
2.0998723055633324	4.668777957082824
6.8362064100380735	4.474114450101405
1.1657240618008657	5.343145821203244
4.04474563693846	-0.20493258007412907
4.706199192779378	5.825677680711273
5.1186877386617775	5.370740730319576
3.5683304482721265	1.0709815014437944
2.3231840779320345	4.050122817757011
3.651006108787476	0.5986064868701018
0.40550401146515436	1.804033758418306
5.4586664309396085	6.567525956509979
6.905373066325176	3.73157060433552
4.212227913368039	7.323011294111836
3.390415261555705	8.250139471656835
7.403922362598767	3.49217994474229
5.012276447501526	6.299946513291157
3.545889061924541	7.291120013707356
3.6367121669356535	9.267918562668827
9.195019479440745	3.395286257848368
2.3170597389701104	3.009714809646569
2.1523679823075206	4.636608092086217
10.314436430355356	4.073365847408626
4.5759761903901275	8.185451209295351
4.625306978003388	7.921976742875203
6.812687784930606	3.6785189726068523
-1.189778409287166	5.341566135288511
2.4425986604880294	3.8467167193934597
2.899674915856113	3.09903906647516
3.112866222205863	3.247688371666438
5.1999672144044755	5.775742049376323
4.19498928438642	6.4100023628038105
9.853963298465079	4.226642977571546
-2.8929833466592525	5.238963768942728
4.732440807919292	5.585864961989631
4.343196382002963	0.9527379523038066
3.8308862680907634	3.083240444099749
6.361462049134619	5.106841802257378
8.887503995547654	3.2482323478619906
6.67141077670997	5.453876258011217
-0.6397205294596686	5.400712369903536
1.2785330442665073	5.33899014397753
3.7510125765875553	6.570083836485335
5.676792219537179	6.3037974586014425
8.390977607120718	3.4830828331253265
2.366447297017901	4.027596694750301
2.7936151228333657	3.5633883057118148
7.854635839563865	4.554469485870148
3.5623312353686547	1.4839331459095653
4.902111246403458	5.424607294239029
2.1860490601167326	3.600742131481554
2.840818892023213	3.18187333879216
2.5227175097401036	3.828274376650593
4.886973764065369	6.1543751530261455
7.858558316480113	3.9056711700330853
4.387802301474084	0.5860307331336665
2.316850264244427	4.843724151428606
0.03323635410571213	6.006775542980646
4.68859481765388	6.5939030712199065
10.127120592807655	3.8432519850646925
3.5583055638994567	0.9756518848298539
2.016469202172753	4.6825039653056
6.2962491601676795	4.545830656770907
5.4257957790485465	4.570070317011139
1.571113442585746	3.610832622586436
3.546642601125138	3.661399789574182
5.494765546491785	5.764551740270835
5.606778915504996	5.3692670725248535
8.602071624344417	3.8568224068990897
6.919191096803117	3.8552967996192384
5.397453377049336	4.960816662889664
3.5834178654708664	1.9699586826189153
5.327686046532927	5.300026201360874
-2.055863346433053	5.614041358641572
2.3029190163963964	3.2895416107100477
3.233504074720761	2.5406906332415438
4.165160389301979	7.420685075598019
1.392581437168117	5.23529157112382
8.521048959147539	4.341576811771498
4.011588882596364	1.2287073055890692
3.0831092681155017	2.3413733966783585
4.073985813801079	7.834612524985069
3.741888638235006	7.601916009549728
2.91788583618094	4.7722391567949245
3.1019577085871957	1.000773297577029
0.07317392447495748	2.5751754465761953
4.359576246991788	6.8786909642513105
1.7291337858020415	4.607968580564451
10.227228367247605	3.561420984570769
-0.2646252584220137	5.566619176588132
1.7557099083645051	3.3417459182520908
2.9298103636762187	4.220567467904681
0.0667780321603837	5.753302503235885
5.035281268155214	5.651397025478675
3.046887092143613	3.384868914315589
3.4574353125959556	2.570816187894695
2.0681957662375954	4.546929726131473
7.456249773548089	3.319211019610481
3.2994775045439413	3.1197480011397873
-0.9628433807174881	5.622047211846894
4.808380090133961	4.526696532433241
5.877201370019982	4.99198834395556
3.4365174383056343	2.7121924056391933
4.240204053736969	6.784531950272617
2.6252460658305274	3.1693009979449265
-0.22064105265538791	4.738534915642004
5.871128072057801	4.831404444526403
6.631118609064721	4.148137812405986
3.4170968548605147	7.144606114167773
2.9576285965686466	2.1723277892974426
5.347463459764014	5.294449765341262
-2.678761815151565	5.333416052067519
2.4108720074273693	2.4295485507300336
7.9949017160349625	4.0870796334967645
2.0129875228931597	4.337713328728788
1.67181879217324	4.21363105747806
4.0721226747039125	8.558828972455911
5.517595708918408	6.472004379518469
-0.9150877293077584	5.857421047407248
-1.7294644363207339	5.903352399064822
4.7045352443101685	7.156417431704172
2.327676293629051	2.709960076862399
-0.0545949351943848	1.9841757763369179
4.278149255698879	8.336679106557341
4.238686359247497	0.17970880667260358
7.143749225302296	5.049396834729448
7.331549621316795	3.8758217438670215
2.3995105638910097	3.9710710237260187
4.9038322437454225	5.026844816705693
8.307304743626366	4.150925679578799
3.4026912187898484	0.9764624615885693
1.7230401213895241	4.238528638935354
3.782976424581728	10.079039763220239
6.957765221979209	3.8875767129000947
0.2298586907604412	4.774530926786737
1.8168631820164272	4.505304740623074
1.4158093202656508	4.618383246197525
4.032244589246427	3.3093039579821815
2.2594385352788935	4.189520742125976
5.701617728476505	5.317135097062687
5.793318984520384	4.443808053379885
-0.5367250563154533	4.869904602509272
6.6209292928728	3.9670818679101068
4.1246361184684135	8.625402260366192
5.104250660689278	5.492281136237528
4.521322643389675	6.8776595592848695
4.512350913305246	6.436717334693982
3.3642491267206402	3.122451394523976
5.373059954475912	5.224636621340433
9.853895271987767	3.916742272045497
7.337143166494098	4.872523098072685
3.786729685624972	3.3393976734465722
3.0523828075231423	3.206655987392435
6.460423528373283	4.583200189815447
3.631161011176599	9.730415314131069
4.236142412062738	9.049377429230411
7.799480928453238	3.6616411874949604
3.937196563270689	0.8060945090300908
4.193508631947556	0.8882180874782959
1.0592632309282652	4.809113069780767
10.361714185415003	3.6891240333838726
8.256144757525874	3.7785466426128895
4.739379027778314	7.582786176542816
6.853422574150343	4.404407620977903
-3.090110131452442	5.120747724094875
6.962628953481723	7.973172751103118
4.075591068409565	10.694717562228622
4.706563274270368	4.507269276578225
8.153705191552323	3.384239491516983
6.517522942585953	5.260714231204029
6.580220240722027	4.503405924062354
2.792741293903446	3.3123516491540927
7.029297283590117	4.730030317570537
6.0223412234729965	5.3380643866503155
2.1358730270859665	3.69090830337825
4.90466498686162	6.954424875155571
3.6845081167040483	8.126011505542884
1.5734317561431541	4.928456861601987
4.018284118833726	0.757173289945154
6.030926613697756	4.540910401733682
4.5147756660679	6.153986403179605
4.844030427759273	4.787933422634719
2.6785919170881094	3.707976720927123
7.141582501902499	3.5671983480457454
-0.8056098895269606	5.622594751962012
4.501326917222917	8.783192790730434
8.426722314828908	4.439954019916482
2.821192801920074	2.8826812745716155
2.6576329087676216	2.7989892118563544
3.471207817012234	9.7014882257218
5.167172835296347	5.8179797280770025
2.783809772571083	3.4090297188856358
6.1854439534384	3.818390115243996
-0.6185441025544622	5.604394844740847
6.794625447681627	4.947410122532171
6.688251340594641	4.391817272368549
4.946743461474844	5.775346673796509
5.095890913782231	5.436985478819427
8.39794096842336	3.961797893354615
3.794257806040386	0.279981306375527
6.524742834673446	4.470937214063789
5.4675670739807	5.2271072539955306
4.638585299780388	7.0127740371311384
2.5054029855041984	3.8558455136675223
6.46089163060879	3.832703088931564
3.003744900865671	4.021974037024023
-0.48855353714225425	5.224131975327751
7.521698276616709	8.0185086511556
4.048128725983121	0.18973742520450587
3.8299160723547723	-1.571615607616498
-0.173524799549736	5.327957395471251
6.825821908245534	3.59368647074131
1.8036607001759701	4.204974736320838
5.767722616955274	4.789483946428859
3.8270365313182984	7.4555840409804235
2.355210685431632	4.076312989961631
4.479026965593184	6.6724142343813115
-1.3712792280589285	4.858889947944023
0.44999620040549515	4.416114549273248
1.3517393638926638	5.272536310161415
-1.6506328089034357	5.879349076623429
0.6191819437855504	4.93400942411529
5.671305190041504	5.285193715975132
7.389818071828609	3.936061176453806
3.4869788287748076	3.973023207384065
2.5289553002220915	3.9000963470899856
-0.7056612076172182	5.900278899414971
3.879331836851551	-0.3915825747596844
4.042021249089081	6.763734571802883
3.3808096726972563	1.7501727648514518
5.312332092076759	5.252320204827277
5.638200029798316	6.135878010272654
3.2337381776676364	1.8652689238882911
4.272261194093929	2.1110717708129445
8.731197679883651	3.910037134166349
4.598349879558578	6.244015717036793
2.4882585820711003	3.9014351065404718
7.097266848970504	4.167968964739904
3.4321008832951083	1.6339363056218905
3.4437870908824784	4.275153402979831
9.41829755848176	4.049219322095434
3.627516283734254	-0.5581564412989004
3.917380034504599	2.29668689631304
-2.3912637127162824	5.051483071327556
0.8561087214183987	4.313955226324011
0.061731714086734335	2.1257281081802524
1.3403401201627183	3.899952782132287
0.9459758126177171	4.380597919462978
5.771219122365895	4.461231099586194
4.578406551212372	6.936562000906469
6.16509337075206	4.730477522476655
2.348447572054802	3.0021745631028165
3.7799465431814734	2.011060328279546
6.786994428866563	4.28009288228382
-0.5927074924113518	5.6827971241199915
5.4509492320138735	5.072904707266631
7.0996647966761905	4.652995977773262
4.482720669357304	9.08928626366343
7.62204168349488	3.2286206315704695
4.260291575499253	0.04532492439857938
1.0380953419827659	5.0989822698579435
2.1024880652552906	4.324444222855471
2.6236408113468803	3.9827092098377124
0.977096195530633	4.920213144247013
9.021691192472472	3.7904883397115205
6.08430175332578	5.0394683859278375
3.1886349481972136	3.022858713801231
5.476086963101171	5.283500204572524
-1.0537727258614862	5.792616892273665
4.101053977816946	6.561533986044213
8.379640403161467	4.454519983388693
3.0752002886829892	2.535437138814304
5.18088561473411	5.42061669241673
0.5470318100703675	4.638107140589146
4.018041999266454	8.13265344517923
3.8561976276986725	-1.3430881420350245
5.838386191778477	4.8711297526539585
5.597288889246164	5.691167582703548
9.398991297695146	3.7091082328603933
7.266355579290697	3.885713355766854
2.7488166332677406	3.9189284353275786
6.262597844533724	4.704463305960454
1.647817073962869	4.471995950240128
3.8481182145361332	1.250610212020985
3.060099468119608	3.498077353890796
8.140177665033232	3.4136900461987567
4.923028508564149	5.543158428703778
-0.18118625054033033	5.335550963671016
5.3529099455244005	5.280843221366519
7.53944372937543	4.865310937485203
7.413340271792017	3.5483103130028946
3.731282681433778	5.901853545275191
5.392251043431489	5.255077468723899
4.528405998425687	7.64331057965394
7.045274525850985	4.724697634101776
3.8023000068172816	9.806078486657045
5.3189658053144235	5.170422460683662
6.407248923923104	3.697301622865364
6.442240197829333	8.264705276479523
-0.1512703439235016	1.908355465260731
5.008119284024474	5.503946273361105
6.428729089179067	4.409843233544463
5.96761076245583	5.201537146437581
4.445372740322329	8.829252217472721
4.735258968813213	7.266051615588886
11.02872415720808	3.8875008517524106
3.4679084044329533	0.8553352520477335
3.7679500489511515	3.2310151817355948
7.155519474138931	7.764277565982065
3.8504248626767423	10.05217048602283
3.780410961319422	1.3387316672537783
5.121749734915456	4.339511410197233
2.231100524011032	3.3874608511253936
0.9866038540384727	4.850515556872901
5.337964681132226	5.341604717811027
4.084747858695031	-0.09849873882885918
4.424062891629432	5.208029253244203
5.868867020694301	5.154568846643933
3.4663596929445823	2.960819574324642
4.350404964904995	6.396873313013177
6.734651904952219	4.475309286660313
5.689199663390845	4.094632726589663
3.5363764996184752	1.7148619538038132
3.2876565359734715	3.1769081917613717
5.696277907368227	4.914882879233506
3.7119285361490517	6.847477865044254
4.289623527257286	6.352379237623712
4.639532002485096	7.4608321796336075
6.32313983149188	3.7822750084365824
-1.741743356603882	5.240292731400894
1.9648942086542864	5.4586783255096485
0.8705964431742439	5.095363920294144
2.55197892704234	3.4375693182197122
0.7677895617962798	4.563101280269731
9.403539882794675	3.7345295253407005
4.179274055672803	5.123109277395129
4.3516644611011035	7.191255697315077
5.91130759060726	5.436567080942467
9.318575380893693	3.8429145440989125
5.105665498794633	5.485559477909079
3.8598082895462915	0.6249088320400236
1.9107848590406227	5.092496647600474
3.9175770971105544	7.40314396156965
0.2609371662096778	4.9762088221763525
4.816151858936697	6.3607882603354895
4.418576561742128	5.965492892790916
5.144414795657383	6.961370462278971
5.326274675678492	6.702809045720903
-2.299283101896508	5.489351640372648
-1.2485510719554356	6.07364239882637
9.471573163026079	4.355883263113883
2.405631539370424	3.8430598159266465
5.635256868341535	5.013237775200845
-3.0695201523443365	5.400470111194703
1.6257666802162989	5.636488475393411
7.628387197266568	3.635987337741436
2.851999587842397	3.745928174918938
5.396870171347981	5.181938218126373
3.8425899810566837	2.8680524933346776
5.3409486637957	5.263607679124844
5.118867914542826	5.300183563727667
5.516937882947396	5.44306420039141
2.512575571732481	3.584270550874034
2.621202707215964	3.72487952240041
2.037821994336639	4.076679614227334
2.3431109282240765	3.2466986318267157
5.03279347004088	5.371651817651117
1.053999577939037	5.710477248415832
-1.5758722484400396	5.241823013988572
2.9511195362710403	3.0286595979442783
1.0128001778543538	4.972880150791541
4.478916977279422	5.611530221851253
-1.3286916772521677	5.265886009575335
0.30666734892774294	5.13830634754472
5.456104662775195	4.868356460418652
5.346467043721319	5.277622908660401
2.3132497381360553	4.050484071606124
8.699036935250096	3.6275851985595455
6.587485274482338	3.954964377649182
1.9920954686566725	3.7714426974082906
7.564303058321685	4.077032602575753
0.026058909247825023	2.2564157008225383
5.2342127722664005	5.346586870966601
6.641853043890807	4.892700770393046
-0.545044224341861	5.691318438591075
3.032144731236267	3.629244355077238
7.409569040279714	4.170833185248379
2.375120495810151	4.020016086136897
1.9281742089753022	5.389372081954561
2.376464858703441	4.533388668478617
5.443775285275462	5.16381389057239
1.7444776045811445	4.820994171348056
5.095852479041037	5.690268188351451
9.134138297361705	3.498500685815522
2.393255136255095	4.04976255388218
2.6224132337406294	3.3128579215501044
1.9510273534917904	4.1173197333618425
5.525096073290973	4.5095696941026535
3.398598297340992	4.17176162422261
2.104090755754957	4.283217258408932
0.8449078706810729	5.668822893699364
4.021751007714051	1.0090998536777842
9.898445115664455	3.778514632933714
2.3808738868986072	2.4133283311997467
6.100696739898961	4.820972033223388
5.504645555172771	4.314256146109143
3.5960243164671506	9.306675196661189
8.772594684458939	4.206305036071242
9.365059885356848	3.604498230986602
9.118703476261436	4.318270874440408
2.0455803255300804	4.385471152564213
4.126361675992221	-0.2320830947210366
3.164334689504023	4.276225037752548
3.648679498148745	8.249491090996251
3.8722724339106422	7.367967592266987
1.1807685250958966	4.013866351845133
5.558036957439634	5.0821358926018805
-0.4685310675791774	5.454028968399503
-2.644267875491954	5.410532406518209
0.7906223594220901	5.867759389875703
2.849370379128012	3.4346039858067026
6.342925474516257	4.640274782805615
6.229699307553167	4.904809048599905
5.368952630959901	5.4413136620718845
4.290597969202588	7.310413673688577
7.509077671163139	3.9943324040173342
5.702220957008409	5.04135028582653
2.5066901878687133	3.9971506127565366
4.2593582112318	6.337382877368568
3.354276886383577	1.950458887528013
2.517914837891267	3.80079928035567
5.0941390892255765	7.024118005457156
5.867330644105439	5.005676464775082
0.09364740750690292	5.548334199589515
5.611639962760858	4.66687631839458
4.183855140623315	2.849636908642997
8.050921920895666	3.8304273103584827
1.067887540769566	4.79484712683012
-0.190379453049482	4.737895775838114
4.108628537187881	8.996168900059551
2.5469161827098814	3.6202326513399994
2.2504333323394556	4.085215053704361
2.861966805735066	2.9760628284417185
4.0547464029493865	5.444006543585828
3.268076785921152	7.89027439273293
4.17187692613831	6.038758019855436
2.3206281314312474	3.6796912197777125
7.912432336011538	4.253095504101528
-2.0194805813273966	5.124095461892425
9.047732070162894	3.7114217454028053
2.279574684489482	3.9210225923305355
5.762377643165183	5.127949155046995
2.207536132239695	4.077450114914975
2.77575333629738	3.3591620848741117
3.327906133446979	3.6576767385297235
4.939107556526444	6.594344344295819
2.9207184471004988	3.003721748046993
3.858793427414283	6.357773888774032
0.7733226669358806	4.407046737939988
8.163029905478133	3.816472567624614
-1.0225361672523605	5.47563833537564
3.7406145561118493	1.2455489433851548
3.9822988214184836	-0.32149252492412295
5.325869746614152	4.868942104839786
6.002047944963148	5.796991837559527
1.6325427445642906	5.322341397283487
6.0055156714050115	4.458190221823728
3.9889690958735446	7.756134014435611
5.84530505664696	5.915930855823405
2.4120131218569263	3.957734631033272
2.360219862830288	4.114766671180112
5.736562911915025	4.44671388017473
7.926728301470222	4.130336788993691
2.6549775266945215	3.3588939775619346
5.884362563293795	5.50755391964578
2.8229019015662553	3.093088424065056
-1.6917167465022662	5.309556047783284
4.336589964980616	9.452738692418379
1.3273478824911318	4.697969374733022
3.1777162035032775	3.5872590527749155
4.379775963173677	6.206822560834154
10.09477154782536	3.7515008308966427
2.3767481573680884	4.048919945252403
4.0820164227469835	1.8863202649511803
1.5221281088564904	5.116379686453012
5.619953154272932	5.455228053552692
3.656950271519205	1.5040739492712052
5.072627827227002	5.555066540743379
1.869180100699503	4.405348834894089
2.415016966534816	3.4345380807545185
9.30594287482153	3.4580391183247112
1.9134041172811997	5.010984608106803
1.7902986949021356	4.3441004082889005
1.091514658163174	4.838595672478087
1.9646743804096396	4.015303933864377
9.483155382596028	4.20865201826728
1.7266101870424952	3.454475818827221
5.428510421396579	5.550417708380531
0.4518734201881549	5.078789551441504
2.857964351299661	4.66253602235044
1.3530739404580125	5.608479128405087
3.896279455323453	-0.04068835130370285
