22.78149122 3.49108493
23.26891130 2.47701929
23.47906163 2.58081412
23.04122082 2.88019407
22.30810763 3.34617220
22.00593111 2.51198393
22.78462925 2.87793991
23.14408434 3.22085425
22.83782570 2.61667879
22.89005808 3.38908138
22.39654397 2.54789717
22.82784903 2.36903062
22.65879992 2.68616690
22.72706806 2.71377995
22.58996950 3.69458444
22.98934605 3.53515351
22.08907145 3.01504954
22.39267545 2.93073062
22.71567704 3.20056576
22.53478792 2.92942393
22.87995485 3.00602650
22.70239592 1.72462117
22.24008010 2.88873166
22.66538257 2.92614904
22.25184318 2.80863059
23.00656469 2.71454050
22.02869905 2.94116298
23.11608441 2.64765126
21.74752921 2.39721497
22.94892962 3.08166031
22.00438972 2.86068812
22.39715508 2.35550906
23.15181318 2.22123491
23.04834510 2.97783293
22.00413340 1.66978845
23.02513476 2.46927427
22.82304680 3.31000293
21.81285727 2.89658940
22.18868540 2.04935937
22.26215069 2.70078643
22.73723820 2.90135688
22.40097798 3.34295107
22.41297513 2.69323627
22.69310502 2.57534411
22.09900421 2.92848313
21.77660955 2.97667662
22.55037099 2.79914045
22.91722738 2.92475449
22.00896530 2.58157802
22.84245086 2.15975914
22.58003876 2.68234173
22.59552248 1.76504730
21.97681691 3.63967488
22.55735505 2.56349769
21.81084110 2.62978527
22.73255756 2.73652027
22.78174024 2.40848447
22.14627996 2.47982843
22.23807593 2.28488063
23.02533631 3.20385659
22.01394889 2.83500672
22.41390728 3.18368780
22.73179470 3.13658455
22.40296573 3.35965137
22.38790175 2.75117420
23.43110266 2.60985655
22.59825113 2.85032558
23.49501388 3.00267124
22.62595903 3.19342049
22.41891641 2.50704004
22.43929034 3.80285883
22.34172341 2.55013264
23.70810179 2.77761904
22.28964192 2.96116345
21.35382983 3.44181009
22.54645886 2.69054584
22.49539970 2.78290356
23.09924423 3.16688625
22.45181955 3.23643891
22.20977966 3.02229290
22.11775349 3.15067808
22.86768851 2.93770146
23.00967649 2.77603007
22.44149737 2.83797186
22.45970750 2.86468283
21.86804315 2.45577341
23.18689299 2.34444899
22.56071274 2.58258864
22.21008896 2.46380074
22.47680134 2.64110030
22.70031614 2.40556553
22.65519530 2.62903683
22.48412232 3.21749154
22.42360819 2.64788074
21.36145647 2.26051693
22.19631036 2.92485676
22.42960239 3.71586259
22.55553522 2.61245225
23.16977635 3.27910143
23.31159765 2.62255391
23.35613892 3.48811608
22.57738373 3.47113137
22.45561973 3.51210479
22.64459559 3.50039898
22.91944833 2.22781398
22.25464825 2.96311850
22.89151809 2.24583109
22.66663671 2.20730749
22.43540892 3.04377310
22.10561182 3.14325719
22.48531171 3.12186644
22.15015962 2.56857000
22.55616543 2.98808935
22.29859921 2.89488341
22.61208673 2.77327484
22.79821434 2.45691075
22.92940454 2.90412529
22.72311690 2.75145936
22.77675707 2.61702522
21.99534330 2.77933040
22.06927166 2.80465352
22.42612397 2.65456856
22.43893019 3.11052619
22.73940404 3.09773170
22.38722865 2.56511983
22.22437982 3.20206709
22.30894374 3.24606895
21.79559467 3.15831379
22.73981060 3.26253934
23.24131663 3.54003607
23.00590343 2.97086189
21.53094821 2.26576924
23.27455639 3.53868910
22.77311098 2.68141131
22.38591477 3.04705275
22.26402298 2.89405368
22.21072364 2.84884658
22.67234730 3.00618743
23.03944635 2.80895502
22.32822770 2.18513190
22.77964985 2.65631822
23.02883169 2.72574047
22.24211120 3.30987835
22.68356197 2.41811593
22.90198833 1.90494285
22.06905258 3.05191019
22.74069994 2.64255473
22.58131739 2.90546136
23.44144844 2.77737223
22.51759654 2.89471284
23.09650604 2.91583716
22.39656128 2.38051535
22.26892541 3.00937996
22.77134684 2.38932592
23.34637054 2.81532844
22.71689307 2.86021002
22.49811587 3.23608793
22.06392152 2.05124865
22.17616349 2.39015776
21.84390580 3.00948832
22.63201581 2.51322817
22.06021605 3.21471911
22.58735590 2.25905772
23.03343657 3.09004431
22.44166573 3.18103258
22.54493536 2.71544412
22.97635117 3.57716407
21.91258917 3.62040026
22.47174335 2.06441768
21.87446546 2.37196199
22.42575811 2.31146137
21.78077230 2.83659374
22.36329360 2.52560373
23.70515945 3.10222014
22.40249735 3.13976172
22.46263823 2.29158569
22.18781971 2.94801566
21.92464236 2.89270376
22.20849512 3.17135424
22.32903978 2.92838322
22.46888586 3.23323188
22.83631866 3.51669118
22.48296448 2.63761480
22.84636547 3.04043779
22.00878541 3.29380039
22.97275545 3.13312422
22.26504995 2.00448087
22.51282656 1.73090128
22.71009430 2.15604714
22.61142725 3.07352996
22.29428224 2.46643726
22.55635745 3.17068539
22.82654390 2.40749907
22.07538624 2.97633615
22.62720618 2.64759063
22.99499075 3.53550738
22.94879544 3.41016508
22.43132023 2.84661863
22.81824435 3.00191649
23.21590901 3.48170877
22.94128405 3.28957120
22.93536180 3.34211735
22.55015284 3.27125172
22.87930246 2.68426001
22.41035620 3.05479149
22.54323762 3.08140191
22.17788835 3.72003420
22.36494371 2.73382597
22.90345613 2.69981159
22.19730435 2.96499771
22.35695721 2.02509945
22.51465316 3.10411424
22.64507037 2.98791425
22.16163783 2.50776187
22.86689386 2.91849908
22.50590889 2.74743216
22.31964858 2.61869014
22.76226557 3.11702417
22.84734026 2.70695301
22.36270749 2.38072192
23.16162100 2.93629375
22.84360913 2.73558024
22.27423435 2.79649021
22.61410211 2.69569850
22.32377594 2.72522207
23.05329858 2.77375974
22.52984023 2.84622670
22.17675704 2.77053746
22.52896221 3.23970588
22.73826607 3.50810618
22.04466939 3.06039453
22.36757336 3.27728972
22.42186491 3.30569260
22.94113525 2.76394588
22.60021456 2.76601621
22.94180690 2.72435829
22.85183929 2.70987437
22.58982647 3.33746270
23.02612820 3.39140550
22.54586423 3.21824853
22.61183211 3.02588681
22.89737588 3.12894969
22.57436889 3.28385870
21.94769041 2.57367260
22.50296988 3.41339486
22.42888206 2.95533498
22.62183056 2.94564861
23.26347378 2.85196055
22.18906376 3.67467800
23.12696181 3.75252788
21.97694065 3.09118927
22.86535059 3.91104780
23.14033806 3.22607098
22.96241489 2.43607156
22.55068665 2.60488463
22.44008790 3.31904893
23.07666813 2.77176460
22.80156901 3.43455005
22.44598243 2.90957544
22.36706027 2.52629661
22.56540559 3.49541132
22.30133024 3.39161646
22.99223290 2.59814561
22.75855988 2.87152514
22.44725919 3.64873669
22.60427368 2.37851457
22.42727398 2.83411030
22.59733521 2.31895686
22.05059937 2.91990368
23.29701807 2.89511648
22.70830119 2.00256340
22.71707020 2.69755365
22.89821105 2.94232381
22.86770053 2.81002630
22.28583668 3.40463504
22.18068515 3.28056067
22.79437410 2.40690800
22.63838354 2.77051913
22.64238641 2.98626001
23.15320169 3.15910561
22.98564397 2.23791130
22.46921182 3.47806067
22.71872232 2.97548815
22.94374671 2.48750801
22.30549233 2.50330287
22.74017253 2.61807291
23.17275334 3.64903014
21.51832546 3.17685603
22.85169806 3.01789082
22.28989591 3.06619151
22.13420483 3.18410698
22.12209978 2.61171670
22.25976129 3.80500843
23.49390746 2.40384664
22.60388698 2.93691487
22.32156191 3.06127268
22.46302792 2.99222690
23.21800214 2.51009787
23.32094261 3.37787071
22.72990511 2.86265605
22.53277164 2.73226760
22.64095748 2.78028250
22.86859256 2.83492310
22.76778284 3.85152018
22.24632271 2.40904575
23.03215213 3.18048950
22.21082420 2.82537392
22.19540227 2.72890749
23.24288517 2.75442314
22.73898919 2.53391728
22.07767561 3.42790532
23.48909237 3.38400957
22.08764666 3.04974561
22.96617554 3.10057937
22.30457686 2.16842486
22.96189076 2.92450069
22.12657897 2.39032399
22.39612942 3.50691991
22.69561584 3.21015293
23.02938652 3.29677913
22.17873211 2.74591722
22.46818575 3.49453657
23.12169245 3.10461155
22.98565343 3.31711250
22.13730236 2.99133438
22.45284502 3.10103338
23.08926364 2.52648890
22.11191549 2.80727405
22.86154972 2.99857619
21.98586398 3.20758011
22.71636347 3.05729946
22.48455711 3.01444561
22.28783905 2.79291361
22.58751517 3.05990962
23.53847971 2.59234790
22.36608588 1.86884638
22.73277800 3.05835880
22.56032766 2.78878807
22.75014538 3.16021337
21.85540711 2.42107584
21.83259035 3.16790176
22.61192501 2.35960916
22.13609797 3.39160653
22.49526348 3.77574005
22.45379701 3.10163585
22.66769022 2.98608141
22.28849820 3.27431352
22.17241193 2.82602782
23.24946167 2.72832155
22.19368696 3.00872080
22.08080980 2.84987801
22.89466241 3.16211776
23.17434981 3.02455444
21.82705085 3.13283853
22.92845254 2.32610595
22.73225958 3.28140051
23.23805178 3.02358950
22.18958183 2.18785629
21.67876979 2.73262773
22.65641865 2.50165728
22.59102219 3.10045159
22.32332491 2.95098338
23.04685881 2.51644806
22.35333449 2.97088605
22.49477176 3.29212439
23.04348468 2.60825544
22.58144689 3.02604175
23.10560082 2.28745124
21.83667736 3.27650595
22.93344689 2.37152751
22.89622735 3.07006929
22.83545645 3.58638590
22.57028637 2.53223403
22.71358486 2.80617325
22.40091089 2.83838390
22.43560399 2.91688227
22.57702529 2.85354189
23.34113951 2.61776288
23.40982282 2.97217097
22.94037873 2.58301596
22.61982398 2.51186840
22.97191107 3.06356341
22.83756742 2.61343506
22.84588230 2.85233770
22.53724779 3.36259581
22.63340078 2.69136100
22.83735961 2.99880522
22.31835672 2.45596445
21.81087644 2.76525876
22.63563126 2.21685993
22.73787874 3.27147563
23.46915827 3.48772241
22.25320764 2.22096726
22.33663484 3.58065300
21.99345146 2.44056212
22.92518817 2.72702036
23.11036078 2.68226813
22.97673728 2.24272563
22.67495882 3.11268905
22.45423806 2.46169541
23.28951083 2.89600222
22.03952015 2.89563253
22.31377573 2.99496622
22.71725678 3.13650239
22.48383561 2.83053735
22.72701773 2.30151788
22.91713808 3.10955110
22.28977540 2.85442398
22.71402430 2.93445751
22.86433851 3.13408297
22.71810910 2.49934567
22.36374895 2.66376507
22.07257768 3.14210000
23.25144066 3.17830571
22.25739158 3.00692889
23.00092299 2.85453501
23.06615167 3.20062866
22.59673788 3.86721430
22.77918727 2.97488608
22.11711355 3.22665708
22.16561165 2.71637570
22.68252631 3.79820811
22.56245263 3.14419489
22.98421757 2.38753038
22.94917909 2.93211350
22.61069549 2.42154311
22.81282765 2.88501602
22.61367902 3.22680395
22.66327070 3.45519342
22.30776830 2.54397161
23.30481105 2.41553660
22.97237740 2.41235436
22.22830560 2.82883950
22.77277811 2.77668942
22.16482491 3.01061037
22.25610388 3.18266306
22.72919969 2.43730091
23.32154285 3.25811730
22.08226998 2.60614816
22.71030135 2.63436192
21.92883372 2.99789198
22.51544990 2.68308680
22.24436305 2.90196831
22.63213873 3.21171537
21.73986965 2.22813705
23.40475236 2.89851883
23.55351777 3.58837839
22.46311373 3.62656542
23.51475553 3.00388444
22.72843606 3.16678355
22.33401616 2.88838057
23.04862394 2.85123322
22.41959491 3.44056754
23.49462258 2.98559718
22.44114278 2.78792756
21.94983778 2.94843563
22.30094637 3.16396174
22.85553995 2.91936840
23.01570019 3.18383318
22.90618953 2.37188218
22.10424815 2.84449781
23.74980523 2.64154951
22.43908120 2.73682473
22.16722924 2.62845664
22.50897193 2.72305621
21.66844882 3.33761618
22.28413390 2.63285224
22.69914186 2.75241347
22.69275228 2.96174282
22.15621622 2.74972569
22.97296254 3.11006518
21.92147325 2.44990120
22.44563691 2.78616802
22.58995630 2.94966030
21.62004128 2.27389782
22.96567062 2.92771408
22.16882297 3.65827574
23.13921144 2.90001318
22.50578425 2.21446142
22.74451834 2.59382333
22.33093970 2.96905556
22.28648986 3.66041457
22.44159019 3.72073405
22.67306285 2.78977408
23.02471730 2.76709478
22.84607795 2.50121913
22.46334451 3.22803524
21.81265756 2.26234329
22.11735962 2.97408421
22.79062577 3.07993661
22.99423779 3.34012349
22.63453009 2.74543651
22.97182230 2.91077355
23.33131343 2.67436672
22.51058733 2.16695595
22.68689495 2.69467028
23.64974595 3.21561931
22.45766906 2.37899303
22.49710030 2.83723520
22.45618333 3.49547573
23.60127386 3.00231610
22.79389213 2.61882627
21.90796290 3.15828358
22.24020249 2.89525936
21.85863085 2.62704991
22.79230871 2.69318350
22.75484284 2.68377112
22.75170664 2.62324833
22.02264012 3.08854635
22.95668347 3.25280444
22.50118520 2.95871922
22.95999118 2.82063491
22.92760844 2.91772488
22.51233064 2.65285532
22.28367656 3.09749125
22.94874386 2.42460791
22.63190446 3.53785739
22.84380356 2.89760763
22.48984812 2.32622397
22.61260977 3.07117096
23.32064772 2.74315917
22.27784684 2.71263770
22.39443102 2.51052247
22.21401627 2.25897120
22.21569675 2.76814960
22.52368134 3.17707288
22.84142358 2.55819222
23.04159941 3.23312450
22.12184910 2.00214049
22.09215303 2.45500975
22.64163805 2.63775133
23.26023633 3.05460920
22.60080988 2.60523484
22.46315379 2.56354592
24.38946508 16.34999088
24.12602129 16.39535549
23.46170951 17.65883995
24.48133594 16.70774742
24.89204793 16.93239626
24.12132503 16.97435145
24.84222141 16.16693771
23.66890585 16.72106609
24.38731618 16.34334892
23.80491458 16.51827023
24.49738766 16.83677176
24.69428056 16.72400120
24.16691921 16.33464292
24.73601263 16.08810742
24.10669904 15.77627477
24.51321144 16.99354693
24.44065645 16.95023945
23.72669445 16.65044449
23.97294249 16.63059852
24.31031681 16.85296151
24.87992810 16.29819634
24.80913695 17.11302538
24.39597803 16.59482609
24.70932047 16.34178686
24.16828635 17.14163452
24.65564662 17.13955017
24.44285264 16.52692220
24.58745324 17.40404349
24.37092433 17.26579294
24.13129777 17.21471389
24.41460246 16.90826940
24.44903486 16.26487202
23.56212041 17.07928756
24.44250756 17.25755101
24.04962210 16.99266894
24.13936332 16.86648224
24.34082562 16.71918355
24.64989710 16.18948515
24.99549594 17.75623375
24.52896511 16.26125882
23.66667910 16.60321573
24.31216507 16.95250598
23.93583300 16.93995762
24.58399970 16.75239949
24.38742739 16.26447464
23.69461165 17.44177907
24.32951343 16.75343402
24.13707950 16.56428446
24.67057861 16.39789599
24.75161885 16.71471236
24.41506215 16.73818362
24.04777603 17.37559352
24.63732861 17.20832782
24.66020801 17.71319468
24.00770909 16.42852493
23.65086325 16.99058239
23.97973808 17.23646684
24.41804846 17.45052451
24.55190530 16.52362513
23.96134809 17.04150291
24.25937645 17.02978585
24.02732044 17.06045333
24.33089907 17.44105650
24.14239625 17.02845848
24.86127683 17.17781564
24.24140901 16.77072677
23.88520732 16.30250224
25.41793879 17.77239006
24.12297654 16.54548434
24.82920969 16.93467203
24.41945462 16.77772872
23.86538520 17.17236885
24.36869925 16.46081544
23.58266684 17.26660986
24.54438578 17.33085518
24.06400318 16.34111971
23.93774635 16.86620409
23.87024018 17.08180719
23.96921412 16.88470278
24.20934132 16.79777794
24.60652260 16.73386875
24.40450351 16.80078575
23.94377925 16.89039515
24.08819517 16.60497607
25.10768169 17.07641287
24.92407999 16.28161400
24.32760504 16.69446515
24.54749373 16.72019580
23.83572275 17.84930274
24.19695805 16.41686107
24.38181826 16.93067690
24.28689719 17.49868545
24.22909452 16.63101150
24.21610266 16.58140048
24.52456454 17.62730373
23.86908419 17.03375125
24.24393081 17.32351670
23.95008811 16.38053784
23.87501186 17.02659084
24.22195003 17.01435663
24.02877835 16.76053010
23.99019724 16.52257173
24.55417711 16.96715317
24.57127624 16.60943677
24.55195138 16.98300805
24.49751286 16.96993236
24.34201991 16.94539042
25.04257284 16.17168754
24.10660462 16.37361031
24.19666451 16.91428070
24.52215955 17.15862250
24.76636134 16.76342816
23.69556444 17.01297988
24.51093452 16.01641656
24.93753361 16.17617230
24.32985016 16.69479255
23.89710149 16.57181219
24.44178999 17.00731681
24.27752072 16.46193457
24.87181345 16.44925377
24.04360070 17.03228773
23.89013634 16.71026161
24.79480142 16.73350993
24.10025614 17.00949327
23.58870780 16.66826717
24.64797148 17.51782098
24.69706255 16.16867603
24.28177291 16.52751256
24.52813654 16.39920003
23.90969558 16.06063598
23.98907696 16.78852771
24.88860598 16.93772861
24.56004473 16.23687491
24.23131541 17.18471749
24.60108382 16.70749742
24.70248596 17.67371852
23.68176727 17.06440335
24.35235487 16.57597711
25.09138964 17.31774192
23.90740710 17.00070033
23.90623383 17.15103861
24.13528072 16.91584871
24.46191525 17.10714776
23.73833297 16.47713881
24.43596800 17.00219242
24.27394396 17.24104327
24.13963326 16.32160947
24.11507116 16.98615254
24.42212137 15.78373616
24.96961462 16.46910691
24.00027522 17.07934049
24.22839708 16.28059452
24.84796907 16.10642886
23.96480527 16.82237815
24.20771414 16.64783678
23.71635832 16.69414740
24.35564439 17.36216771
24.31152665 17.26112266
24.97134085 16.62611047
24.01930607 16.90093004
24.10960107 16.80924177
24.41203782 16.07530399
24.58417749 17.27495272
24.14125576 16.94079586
24.41491989 16.47733748
24.57941183 16.19203852
24.58512082 16.76348771
24.73763238 16.55212299
24.21355923 17.44706779
24.13198374 17.30945265
24.72893051 16.16239031
24.51284887 16.23367180
23.72497500 16.14859226
23.47635970 15.93086422
24.43950920 16.86002841
23.88593041 16.95804314
24.27833801 16.49156462
23.73375981 17.18843940
24.83897709 16.82962368
24.34368982 16.59567004
24.23251630 17.78403304
23.20292060 17.15677662
25.04862455 16.40865586
24.12605758 16.28909916
24.33182591 17.57572009
23.99727742 17.73123040
24.17044449 16.15393642
23.81371959 16.39358534
24.71560003 16.40637998
24.53785428 16.52637521
24.33844380 16.82861596
24.07540082 16.54477514
24.09913904 17.05639076
24.68498687 15.87560138
24.08224405 16.94798884
23.81329732 16.80733332
24.14590638 16.99146629
24.76433745 15.98664893
24.85764725 18.17122684
24.19210383 16.93637215
23.88946961 15.95057471
23.96298336 16.54576004
23.63906343 16.73836458
23.58270196 16.63347164
23.83224233 16.24343327
23.97812944 16.40337932
24.14899573 16.70444582
24.61491448 16.46606506
24.03978299 16.67724418
24.71630538 16.74272218
23.63264125 16.99021635
23.63235945 16.85478791
23.86136654 16.47750189
24.58837931 17.14398979
24.79438948 16.56456142
24.31008500 16.95803062
24.16212040 16.75514993
24.49368858 16.92531373
24.51252145 16.67218472
23.43834305 16.73722906
24.58464406 16.97986771
24.24462042 16.69062755
24.60921833 16.62860216
23.90361915 17.32035742
24.50289109 17.24352738
24.17480554 16.61506545
24.48373448 16.69574013
24.42121918 16.68885517
24.81948826 16.89820556
24.57796573 17.30822039
24.03581447 16.76516305
24.23108392 16.72161195
24.57179270 15.98136671
24.67284511 16.81294745
24.08477826 16.20718163
24.35403272 16.73171755
23.85857064 17.43459066
23.44105910 17.27824528
23.47063455 16.24666010
23.85650920 16.44455484
24.06893477 16.69543428
24.16236245 16.93211761
24.32472804 15.83757057
24.22611202 16.32336681
24.20340036 16.66931163
24.35172379 17.11865923
24.10472664 16.55766217
24.44888924 16.43114743
24.32085790 16.77868957
24.27854732 16.36938843
24.14394580 16.88139820
23.62452939 16.61747243
24.04758552 16.67778211
24.69926161 16.73867067
23.96393519 17.04401003
24.60254893 16.37900139
24.78556889 16.81222867
24.86462899 16.89658449
23.94502617 17.30405552
24.97234843 16.48192002
23.72967609 16.68112989
24.51956583 16.64033251
24.63749169 16.50649800
24.89977827 16.95666196
23.66970899 16.75162719
23.70064439 17.14147875
24.85112018 16.69496353
24.09620164 16.25204796
24.99900556 17.02820241
24.31452938 17.13507882
24.23462669 15.84861822
23.89909145 17.12079342
23.86212502 16.99068432
23.41347668 16.94784939
24.00012197 16.76756006
23.95651399 16.69032564
24.98492785 16.29217090
24.59715133 16.61386703
24.33912336 17.13714914
24.26513200 17.24613521
23.86671942 16.76980191
24.19080006 17.14466760
23.97265769 16.57576842
24.61692890 17.28689840
24.75528433 17.05762642
24.13578592 16.58758756
24.03864963 16.77023168
23.66154235 16.68448680
23.39789195 16.42018006
23.95019272 17.01606489
24.40442814 16.92314559
24.14567796 17.40831403
24.40335475 16.15950921
24.52481000 17.43726183
24.96522782 16.69335874
24.45976556 16.24916637
24.18956561 16.91447696
24.41648690 16.84138640
24.42977906 15.96495731
24.97450627 16.45345967
24.71723440 16.63050656
24.91196294 16.66411601
24.34611924 16.25282056
24.26141123 16.86513589
24.53910836 16.72564438
23.67777564 16.37583432
24.21805348 16.88939495
24.73293581 16.50351509
24.19602462 15.89560140
23.88545847 16.33629059
24.92343808 16.87229515
24.23000651 16.90243614
24.01724474 16.51149615
23.01540303 16.55247891
24.50231913 16.53079626
23.93968305 17.29061468
24.45710561 17.69878214
23.71247315 16.61704826
24.04062439 16.40064361
23.81578842 17.19855957
24.72608110 17.42456318
24.29775632 16.79193362
24.98721112 16.90184214
24.28707289 16.90715060
24.21321506 17.37782142
23.89905841 17.44326844
23.95572797 16.98530209
24.50886712 16.76948160
24.38850628 16.33959066
24.33220386 17.12454187
24.14156137 17.14311998
23.77801222 16.80169947
24.34644678 17.18696711
23.42719853 16.84387919
24.16965757 17.18325042
24.93928176 16.91066268
24.61568727 17.17604864
23.83168928 17.39114344
24.48897811 16.90525291
23.42093819 16.97906157
24.33715970 17.13975264
23.93335295 17.06221465
24.77959047 16.41556310
23.58485624 16.93329736
23.90432026 16.89637487
24.50760234 17.37154551
23.63819280 16.57730131
24.40089491 16.59522285
24.14078219 17.45326819
24.49170153 17.48665795
24.73526102 16.76243589
23.88852148 16.31529536
24.86251155 16.27934087
25.02669305 16.91322779
24.48230596 17.05381011
23.99313525 16.56915246
24.62839737 16.33536611
24.65592335 16.63151625
24.37169510 16.78517049
24.30611714 16.53179493
25.11999759 16.51283576
24.57637003 16.46004608
24.14805135 16.22917263
23.52277791 16.78330174
23.95902204 17.02081209
23.76977198 16.59367870
24.48247877 16.51856388
23.93389802 16.86294461
23.71865107 16.73782751
24.27511882 16.74851368
24.22838774 16.75718245
24.80261659 16.35223478
24.27093392 16.52622629
23.81687529 16.27721732
24.75657950 16.30760134
24.39151139 17.16537134
24.80787398 17.20359660
24.24825897 17.07167135
24.26647996 16.06678201
24.10349269 16.78385585
24.21814116 17.04714644
23.65838163 16.67018181
24.84217618 16.87652034
24.31099895 17.20422221
24.04384731 16.68568065
24.58650048 16.89322069
23.65213015 17.33342851
24.66776174 15.41402919
24.61392511 16.09496683
24.43824954 16.95227543
23.78514198 16.63964680
24.55162063 16.82141087
24.34046059 17.01434033
24.24878330 16.57933579
24.54696515 16.77866783
24.21841451 16.61420130
24.30142216 16.70482227
23.91581567 16.40271224
24.31005427 16.67874307
23.65304491 16.35902254
24.58523418 17.32140222
25.09822236 17.72533068
24.63567096 16.25745581
24.45621779 16.65952032
24.13420495 16.85960676
24.42571647 16.64597408
24.01947130 16.27501208
24.32017491 17.12939704
24.22111619 16.49642933
24.55250204 17.19069090
24.36863908 16.72130106
24.71835988 16.37272432
24.85906748 17.13232136
23.83738973 16.39612868
24.00676773 16.28482684
24.43209504 17.28554020
23.90391340 17.10297711
24.75984808 16.57438017
24.94797193 16.62536820
24.45091686 16.89273622
24.03481284 16.57867360
24.56020910 17.14693196
23.98937234 17.17574391
24.64968641 16.98140975
24.49878415 17.34436484
24.44177116 16.50618403
24.27489673 16.48335362
23.87656407 16.71391846
24.22778329 16.42923142
24.25267767 16.88965911
24.47465079 16.70235543
24.79544240 16.14872665
24.49293213 16.24849211
24.02266915 16.04982694
23.88981371 17.18746351
23.74520186 16.81509370
23.90910799 16.47615637
24.78388528 16.86559643
23.95311034 16.91701734
23.68584074 15.90237624
24.54795955 17.05542237
24.42309652 17.20371995
24.58486128 16.86165946
24.83772541 17.10889272
24.39935933 16.76241968
23.14435876 16.84608201
25.01803203 16.74037955
24.80350128 16.96650508
24.11870295 15.90067464
24.42454724 17.13123767
24.34562420 16.42841545
23.55266215 16.78647402
24.87987473 16.46471242
24.23390059 16.55830965
24.01554725 16.64205036
24.47846029 16.52831121
24.42763173 17.06352427
24.14862529 16.39279085
24.39649454 16.88552923
24.06180024 16.30585425
23.85648853 17.08488363
23.89782375 17.04083654
24.56041124 17.70583113
24.63066080 16.41101986
24.42227110 17.21225338
24.91517141 17.17267634
24.73699893 16.68031516
24.91823278 16.75558704
24.83752564 16.99229946
23.72136441 16.56363957
23.94794926 16.09044380
24.25459424 16.59247231
23.34595059 17.31102382
24.54405897 16.40181382
23.46852350 16.77471251
23.83029506 16.73882553
24.15389088 16.80788968
24.24925369 16.83568152
24.13521390 17.22560643
24.27175666 17.39686868
24.41452959 16.64475817
24.09055852 16.72316997
24.10865465 16.65508425
24.96091287 17.40236125
24.87446952 17.53569739
24.41205142 17.09150911
24.94140269 17.62839886
24.38382653 16.70445176
24.28502862 16.14028334
24.93776971 16.68907750
24.51471765 17.11774512
23.82269126 16.92056300
25.00401831 16.03853232
24.37699117 17.06657104
24.48941089 17.15518596
25.02798809 17.42609110
24.48109956 16.49318830
24.36448776 17.26280719
23.74007741 16.74094891
24.28451039 16.60340203
24.46180292 16.41268744
23.76996110 16.46792994
24.25777625 16.24435218
24.16733203 16.61805577
24.28869910 16.92507022
24.46654295 16.73048545
24.56822855 16.95186765
25.02642237 16.98803241
23.94902545 16.52892270
24.81062991 16.87075563
24.26665986 16.43258896
25.21538242 16.75978029
24.02739117 16.39507648
23.62990526 17.19318224
23.74032124 17.51556281
24.76014951 16.85228313
24.05033612 16.47324121
24.88944119 16.91643281
23.50179729 16.47370640
24.59910466 17.72320128
24.86386893 16.74017171
24.37199855 17.15769226
24.30669022 16.62518598
24.01124137 16.96909484
24.13699950 16.71625481
24.34280198 16.68414257
25.23819063 16.89696319
23.85240489 16.58801932
23.63609381 16.83321095
24.22278577 17.54988223
24.31205535 16.98557374
23.74753983 16.26416995
24.53164846 15.95828971
24.83218252 17.34603267
24.54708865 16.06210156
24.03286596 16.83749172
24.66805248 16.56264378
24.17587100 16.66093483
24.12145974 16.64791542
24.60720899 16.67213570
23.95508695 16.57928349
24.77852702 16.51064913
24.39782805 17.51115789
24.38488310 16.99274487
23.23821276 17.44818184
24.39185338 16.37907106
24.01840010 16.84490097
24.50825819 17.30664890
23.61253169 16.59394137
24.38966970 16.70450853
24.55026879 16.42811902
24.09240376 16.77620299
24.44555049 16.30673789
24.08065578 16.88769178
24.28333408 16.80331213
24.12352707 16.94155589
23.65231189 17.18300549
24.30703184 17.05638945
24.41385123 16.82294911
23.66572068 16.23092409
24.10741094 17.62140296
23.72148832 16.64099020
24.02090567 16.55706416
23.95227189 15.89374523
23.90048759 16.10394499
23.60122853 16.81350881
24.30041194 16.60092170
24.03569506 17.05699504
24.54905863 16.95717598
23.54655797 16.77807076
24.48976482 16.65517976
24.13222866 17.20397241
24.20588971 16.86766161
24.99870607 16.91455940
24.45316011 16.04433779
23.97692529 16.60427563
23.84207765 16.21945408
24.72322245 16.61399772
23.53566738 16.94304791
24.43293727 17.05730939
24.44278850 16.05355195
23.78286872 16.75344586
24.71813054 16.61017193
24.02027170 17.01445106
24.16136905 16.68809084
24.18200763 17.48163056
24.66100528 16.68020286
24.53504159 17.30618885
23.95448758 16.93840474
25.10695230 17.08846413
24.31677505 16.40262165
24.09611094 17.04659250
24.63251805 17.57551348
24.54521576 16.34422622
23.95873722 17.23193547
23.32129531 15.89959411
27.75184875 -2.48219238
27.76660506 -2.54179438
27.54268823 -2.63667190
27.71334715 -2.13061720
27.98489312 -2.86999446
28.22097902 -2.33663665
26.40968827 -1.69481253
26.86669810 -2.27726694
27.43031234 -2.44432940
28.40588380 -1.86986628
27.45980904 -2.26220911
26.65857692 -2.63421671
27.56895066 -2.39147451
27.45874777 -2.20001647
27.99424467 -2.13111394
27.22828222 -2.76011914
27.89513733 -2.71855056
28.01646010 -1.80592537
27.42969114 -2.68277941
27.48648145 -2.73391518
26.87312168 -2.19834213
27.68189731 -2.35722328
28.22146590 -2.35013780
27.90676830 -2.87087836
27.34641089 -2.06189842
27.02888070 -2.14077484
27.13531546 -2.14167186
27.49636331 -2.53708346
27.67392400 -3.13973090
27.37776178 -2.19795374
27.46055479 -2.70265563
27.04278115 -2.31627033
26.95936033 -2.40310565
28.14518741 -3.16753262
27.49570239 -2.27281067
27.55978849 -2.97755628
28.00850993 -2.51472531
27.67574166 -2.57356606
27.43085629 -1.78486194
27.12812924 -2.41195267
27.21017812 -2.31218306
27.44666052 -3.41734143
27.86463110 -2.49076632
27.52617807 -2.82648839
26.79830326 -2.84143654
26.96826815 -1.82788103
27.17098402 -2.70287706
27.09986119 -2.14938221
26.90395755 -2.55922301
27.70113206 -2.05233262
27.80471700 -2.33933815
27.89725656 -2.42378305
27.25881293 -3.02946829
27.54495733 -2.58418722
27.49184792 -2.91334705
27.21565142 -2.52276341
27.09979362 -2.79654252
27.59329087 -2.31728656
26.93431602 -2.82296338
27.85527184 -2.35682205
27.80593745 -2.63493370
27.87375719 -2.28495419
27.81716114 -2.50840359
27.47429365 -2.29263873
27.77570297 -1.96939273
27.51191817 -3.18834908
27.62479249 -3.45175562
27.38183225 -2.55847992
27.26069178 -2.78653762
27.48379850 -2.36993843
27.42056682 -2.99956188
27.60035322 -2.52527747
27.94559651 -2.46131459
27.54267388 -2.59314642
27.70087336 -2.27581900
27.81340601 -2.83110450
26.64329303 -2.70772800
27.12775812 -2.13924309
27.68097460 -1.97706641
27.74284385 -2.67795093
27.62870547 -2.37145460
27.54541047 -2.54416511
27.71374180 -2.84189762
27.55409191 -2.03736832
27.46495504 -2.49135393
27.19401161 -2.79994078
27.19032756 -2.48690105
26.78288553 -2.20778360
27.43237940 -2.87098591
27.82944052 -2.37051997
27.88370349 -1.97328820
27.47490865 -2.93273648
27.78932861 -2.00323236
27.16138372 -2.99669943
27.40429930 -2.73610882
27.52044821 -2.44073870
27.96925060 -2.35419159
27.57597808 -2.50000811
27.77948761 -1.87331699
27.11696611 -2.95817580
27.77248835 -2.60471159
27.58607489 -2.33925953
28.06802563 -1.88105953
27.39890639 -1.83908740
27.75152697 -2.34683026
27.45211056 -2.43598873
27.43500039 -2.59566981
27.27120080 -2.34585098
27.57829142 -2.37410467
27.20241748 -2.51194403
27.67500359 -3.07985607
27.08004949 -2.60310540
27.26026563 -2.29087568
28.11515473 -2.64657903
27.81624631 -1.67420411
27.19132483 -2.50662302
28.15153008 -1.76537340
26.80339624 -1.66448226
28.09019144 -1.97880121
27.68948570 -2.97161350
26.80838217 -2.63964103
27.33965221 -2.33805477
28.23221454 -2.90397953
26.87632448 -2.78510521
27.52580413 -2.58146175
27.90690031 -2.77998705
27.03002456 -3.40617372
28.25637208 -2.59419889
27.49367292 -2.74249647
27.40421863 -2.60278489
27.75474527 -2.50190732
27.96031951 -2.14220430
27.23202213 -2.42740500
26.97691660 -2.46010368
27.73197621 -2.39682427
28.46498303 -2.32916486
27.57252379 -2.73098420
27.52519485 -2.93911608
27.88328898 -3.13650373
26.80497731 -2.22659022
27.53065528 -3.08485520
27.53896760 -2.21523701
27.85224290 -1.91036278
27.44671611 -2.65530750
27.05700883 -3.23107118
28.30418646 -2.19176929
27.80425093 -2.18670912
27.68943140 -1.70846957
27.14267917 -2.18884182
27.92821363 -2.21973272
27.03230888 -2.15299538
27.10545903 -2.28629626
27.48028632 -2.52317243
27.79176118 -2.42584875
27.07118863 -1.72934733
27.23636807 -2.35321092
27.54730839 -1.60328518
27.00116212 -2.28518074
27.80152726 -2.70069802
27.42625265 -2.38987273
28.18501330 -2.98306514
27.88750848 -2.26536299
27.80268039 -2.79280497
27.62662550 -2.02317537
27.81152392 -2.02937335
27.95199316 -2.49030463
27.87201823 -2.47618384
27.04797330 -2.79352317
27.19053769 -2.21148792
28.54167428 -1.60427330
28.11833721 -2.55759794
27.96214168 -2.89019079
26.70558500 -2.36995758
28.48847728 -2.27568768
27.19782021 -2.57075495
27.94838210 -2.26784968
27.03829577 -1.79070695
27.46767956 -2.12219451
27.20495750 -2.13409447
27.55782506 -2.03880151
27.94753323 -1.97339230
27.35864060 -2.71877786
27.26527581 -2.37676165
27.35291689 -2.12114605
27.37433411 -3.14254138
27.88429344 -2.51511531
27.32066605 -2.74629768
27.33329583 -2.50821628
27.86201517 -2.69640521
27.24259285 -3.56278066
27.70410637 -2.73584890
27.70109948 -2.29106875
27.24526658 -2.40353198
27.27759417 -3.12386618
27.92616882 -2.20114186
27.80204742 -2.75227613
27.29096468 -2.85260381
27.43000191 -2.36199826
27.13431980 -3.07431733
27.94221895 -2.02041411
28.32042579 -2.14056882
27.47595398 -2.44828444
28.02541937 -2.92229656
27.95152073 -3.21166507
28.11423459 -2.73969441
27.85825551 -2.94403376
27.60621098 -2.98974622
27.97770243 -2.83398653
28.14392399 -2.81991959
27.92577131 -2.42117839
27.91826276 -2.78255164
27.83419155 -2.53114253
27.53508006 -2.74258898
27.09495490 -1.91229779
27.31523792 -2.73390067
27.46744351 -3.20810796
27.04602262 -2.08636701
28.01302008 -2.86014897
27.47192684 -2.51076161
26.90479714 -2.05452119
28.22625548 -2.76099863
27.72906009 -1.87276297
27.35033445 -2.68930191
27.96244719 -1.86785902
27.08521481 -2.53860357
27.64018257 -1.44222324
27.81906930 -2.18669865
27.17149309 -2.78283958
27.69685105 -2.47204498
27.51250119 -2.21200579
28.42699703 -2.28868483
27.91941107 -2.58973252
27.83702791 -2.42752163
27.67435777 -3.13856806
28.05143832 -2.44495640
27.19764956 -2.35132527
28.05621006 -2.55237262
26.86294930 -3.31647366
27.48619657 -2.78636328
28.43319349 -2.56912455
26.75360110 -3.01752488
28.22050012 -2.32084496
27.10897113 -2.29804909
27.41114046 -2.00831068
27.86483440 -2.38849305
27.53209835 -2.23755806
27.56856236 -2.00793765
27.35523325 -2.23696220
27.78846236 -2.37642108
27.40681654 -2.89482607
27.39140544 -2.64460882
27.02318405 -2.44625308
28.05333435 -2.63496321
28.26895201 -2.54633250
27.67951533 -2.27914740
27.31288647 -2.40887704
27.95361880 -2.14596362
27.77129662 -2.69922450
28.29247263 -2.84696440
27.82389622 -2.61512185
27.50939217 -1.76616903
26.19630396 -3.26280562
27.51507070 -2.31426630
27.51075012 -2.54782663
28.06484531 -2.09657585
27.46818124 -2.35204784
26.81168974 -2.58561760
28.28184201 -2.62890114
27.12423950 -1.97155971
27.59156744 -2.35681417
27.72050315 -2.51872342
27.18076011 -2.44565869
27.18071294 -2.75258863
28.34041121 -2.52980753
28.10566789 -2.66849645
27.26921587 -3.30080588
27.01586387 -2.54049432
27.35018461 -2.91513202
27.53948725 -1.97649985
27.10999153 -2.19206320
27.87646467 -3.44655513
27.92533928 -3.53841202
28.24147361 -2.60163187
27.82946951 -3.03544821
27.71695710 -2.43900677
27.45828412 -2.35504489
27.93170095 -1.87773689
27.15095222 -1.93178007
27.42798249 -2.82440403
27.25635649 -2.55290616
26.95087716 -2.23668427
27.44882257 -2.42954481
27.53538790 -1.82062485
27.61486898 -2.42138503
26.65065387 -2.49293082
27.74704371 -2.94828995
28.86367614 -2.77537799
27.13279643 -2.40938890
27.92753912 -2.86924909
27.37603314 -3.17691311
27.67411673 -2.23572126
27.51444305 -2.00610472
27.54293402 -2.50002076
27.80286118 -2.34613890
27.87421064 -2.70083598
27.88622402 -1.59621441
28.32844129 -2.42049382
27.34219210 -1.87081181
27.23105904 -2.10540680
27.92228435 -3.13721161
27.69840860 -2.89124883
26.82812443 -2.38615016
27.37355262 -1.45771083
27.53877458 -2.68172667
27.29693260 -2.99284223
27.20800384 -2.13839937
27.63634057 -2.58543029
27.92338759 -2.84592163
26.84975233 -3.26634977
26.91346901 -2.01189212
27.45633481 -2.37655524
27.50976945 -2.87266600
27.01686908 -2.46322940
27.35800036 -1.86621164
28.01644210 -2.52092918
27.67975780 -2.16838801
27.64974392 -2.28022008
27.45657253 -2.59347110
27.40593909 -3.00002794
28.26394932 -3.34231023
27.17344911 -2.52667025
27.67531792 -3.30566676
27.46917234 -3.01070353
26.59106456 -2.92150658
27.36838620 -2.14579059
26.93036325 -2.33078947
27.60550688 -2.22697273
27.26812566 -2.32000996
27.60710981 -2.55798463
27.34040167 -2.29562734
27.75898576 -2.31924828
27.21050098 -2.99781520
27.57467712 -2.71793328
27.04068210 -2.11458689
28.00270428 -2.04260585
27.40972006 -2.15998811
27.47524591 -2.57128968
27.67982124 -2.66827517
27.32558094 -2.11518692
26.96139181 -2.88880805
28.46440235 -3.07930455
28.59454407 -2.43466353
28.28360673 -2.23830820
27.66951546 -2.82551498
27.42133967 -2.41233825
27.33107344 -2.14706599
27.89110071 -3.22776192
27.81499502 -2.48807579
27.25894244 -2.35080040
28.16222604 -3.32850147
26.99539364 -2.31422852
27.83346639 -2.39283258
27.33012565 -3.16620511
27.32572972 -2.29143957
27.54910138 -2.55745099
27.28779410 -2.41430984
27.61635223 -2.48762476
27.78207339 -2.40933042
27.81620355 -2.82031463
27.98398095 -2.78120841
28.01810407 -2.49575285
27.58241767 -2.17158130
27.92898370 -1.79017442
27.20753102 -2.11419163
27.84113278 -2.56734468
27.94934086 -2.36914173
26.62734385 -2.56815491
27.99713379 -2.88635264
27.72460622 -2.98929854
27.84536911 -2.46579167
27.58587287 -2.40287691
27.35635548 -1.98681237
27.97566884 -2.89589510
27.41181894 -2.70300283
27.25562239 -2.41063280
27.27317924 -2.21209553
27.24022220 -2.46258127
27.23130098 -2.23943479
26.74343881 -1.95536069
27.40305977 -2.16486552
27.81359040 -2.18416164
28.00324726 -2.45168970
27.41396835 -2.56561941
27.22644518 -1.98319294
27.08352918 -2.76495612
27.36639706 -2.89540155
27.83050765 -1.96349141
27.38974339 -1.91857845
27.24159995 -2.66322913
27.14929057 -2.89410896
27.74521533 -2.50254080
27.91669959 -2.53616641
27.88672620 -1.76245589
27.57534978 -2.92832345
28.58477268 -2.62894189
28.01644267 -3.01430871
27.82815364 -2.42439126
27.40225061 -2.75218448
28.61760410 -2.31811465
27.60200760 -2.22879305
27.29069609 -2.79082389
27.62597447 -1.80979198
27.58137693 -2.44780080
27.98064093 -2.38335730
27.84083149 -2.38669511
26.90171002 -2.05842633
27.62704682 -2.96532087
28.13212077 -2.41774543
27.60659892 -3.18715993
27.78714629 -2.79767274
27.57407265 -2.42088691
27.46320320 -3.06875324
27.72372458 -2.22391829
27.95401116 -3.16905766
27.77165469 -2.53533975
27.59580797 -2.72621915
27.43410993 -2.29364616
27.84667462 -2.36697026
27.69935984 -2.46843267
27.22851143 -2.13176030
27.54327555 -2.73689937
27.72155804 -2.81903813
27.37624307 -1.84407332
26.91386968 -2.38792928
27.81096322 -2.17309412
27.52991017 -2.58503395
27.43139485 -2.13010955
27.46716584 -2.32016836
27.19958404 -2.81132592
28.07766513 -2.54094928
26.97583051 -2.38896217
27.47472603 -1.66991377
27.86572420 -1.95930899
27.80977230 -3.03231546
27.71766804 -2.56198012
27.99058238 -2.41637214
27.63862747 -1.81937934
27.08552176 -2.92623259
28.17660664 -2.08828940
27.33038981 -2.36612816
27.30782574 -2.41136128
27.21917861 -2.84276751
27.35455311 -2.53782447
27.86857266 -1.96460609
27.83935410 -2.64417407
27.79412548 -2.64761608
27.62961922 -2.58078293
27.43963597 -2.58546038
27.64230653 -3.34131186
27.39484538 -2.31232032
27.37740794 -2.51432571
27.75335309 -1.93003185
27.18827286 -2.36552312
26.93901788 -1.92290883
27.10852247 -2.95058882
26.73948364 -2.41866052
27.90494925 -2.36308760
27.59151210 -2.55226159
28.03960044 -2.05316750
28.01819401 -2.16713584
27.85701919 -2.41510316
28.29155717 -2.75012974
27.87757171 -2.14988091
28.46157478 -3.17138623
27.86320894 -2.88597047
26.96506235 -1.85173964
28.31562514 -1.85490617
26.76942818 -1.76590266
27.18995238 -2.08750377
27.89915951 -1.87765311
27.13174872 -2.42235389
27.46171226 -2.33784925
27.53460005 -2.58203536
27.10704056 -2.24685659
27.53706205 -2.63911502
27.76636561 -2.69884550
27.33624293 -1.70364604
27.88689016 -2.56143847
27.11797314 -2.48767589
27.23210944 -3.22038785
26.36957971 -2.06866741
27.07453101 -2.82363821
27.70545535 -1.77364150
27.39336217 -2.20945128
27.66680624 -2.15274099
26.53440469 -2.38621502
27.68186605 -2.85954625
27.82901612 -2.67963370
28.11013520 -2.41266610
27.40211011 -2.37772187
26.77430623 -2.37981361
27.46280537 -3.21321594
27.67347606 -2.77514247
27.30390005 -2.72721351
27.14738898 -2.72532837
28.04807663 -1.72655042
27.64350835 -2.76580716
28.10909515 -1.76925680
27.05624245 -2.42805304
27.50288113 -2.98037029
28.04599527 -2.59569696
27.53780085 -2.33176975
27.65110890 -2.61719903
27.82681771 -2.01693835
28.01457476 -2.57577368
27.81348473 -1.65432535
27.50856339 -1.82981666
27.76347588 -2.68573198
27.94434494 -2.35588982
27.19657636 -1.82763061
27.51639815 -2.45422018
27.28209785 -2.42974165
27.92154304 -2.56716279
27.45574956 -2.27858508
27.54763525 -2.01960038
27.91579378 -2.06981659
27.72724281 -3.12998786
28.31850463 -2.48479299
28.37382285 -2.35697143
27.19648100 -2.24224206
27.86344036 -1.93920432
27.20947179 -2.68397482
27.05383250 -2.98220996
27.27075926 -2.53691752
28.05794339 -2.58738321
27.39921515 -2.21135815
28.18529745 -2.01382902
27.49562582 -2.57114408
28.13602374 -1.70232461
28.64755598 -2.82388614
27.63661370 -2.89461191
27.16805894 -2.84110884
27.21997448 -3.03963848
27.60488900 -2.10760559
27.94750213 -2.16492661
27.37714567 -2.12429373
27.41138217 -3.35916605
27.33571714 -2.62431032
27.83834571 -2.27762628
27.58796493 -2.37022513
27.61514108 -3.02404611
27.93788994 -2.96179489
27.93654771 -2.45679475
27.27518859 -2.50119246
27.59596895 -2.39636846
27.66727311 -2.15641818
27.50158053 -2.07209929
27.89914428 -2.64412826
27.63229882 -2.96656219
28.08713625 -3.20295450
27.65619114 -2.98340866
27.29495750 -2.26965039
27.04177243 -3.07236232
27.50287483 -1.58883443
27.57872245 -2.65216649
27.56903506 -3.58012745
28.08728856 -1.63349413
27.84547224 -1.67256177
27.62706257 -2.49277337
27.77913814 -2.49064324
26.94825336 -2.34708125
27.67387457 -2.67883638
27.96479563 -2.10707398
27.91924065 -2.28536901
27.53324030 -2.25231642
27.06312458 -2.43198985
27.00996505 -2.33893471
27.30984510 -2.97751476
27.48794014 -2.03633539
26.71672770 -2.40220223
27.64514780 -3.50298383
27.27503058 -2.98618941
27.94534441 -2.37119250
26.73091146 -2.41437153
27.77886776 -2.24124058
27.72542427 -2.64682085
26.59068819 -2.74011801
27.66419008 -2.08258610
27.91876385 -1.33754985
27.65030707 -2.18497462
27.86359025 -2.76159894
27.83563633 -2.21266616
27.52260112 -2.83714338
27.18097768 -2.24735672
27.88809578 -2.76516963
27.37060644 -1.99516602
28.40801319 -2.87561272
27.41543689 -2.31864648
27.78301542 -2.91253767
27.70535878 -2.50416646
27.24821672 -1.81972931
27.19720727 -3.08681741
28.11526223 -2.02794756
27.51760812 -1.75758089
26.56003219 -2.57860767
27.57360768 -2.84497358
27.83029777 -2.33138770
27.50945809 -2.15267976
27.72714672 -2.11053610
28.12520835 -1.77433321
26.98537588 -2.52005445
28.02087296 -2.66207895
28.01551052 -2.17285781
28.01444806 -1.69630451
27.45231511 -2.33839730
27.63889704 -2.56507002
27.49633312 -2.26957989
27.43640216 -2.14315760
26.87952421 -2.44910225
27.64041100 -2.68110544
27.69459061 -2.60163556
27.80208571 -2.65417886
27.93923284 -2.53400852
27.47922949 -2.70854777
27.50030619 -2.12388320
27.67792625 -2.10450265
26.84144633 -2.63691793
