-2.4153288530835715 -6.7282280689261365
-6.969381044268903 -6.894289303252027
-6.7669732424670554 -6.062786926033476
-2.8527759968518414 -4.780160560991349
-3.4155813009045253 -4.122517570625197
-2.917905807710725 -4.658473356412997
-5.071049104561627 -7.799804875990771
-4.797295838214275 -4.64866425210297
-6.104874637212067 -7.246708387071591
-5.54328867939035 -6.659210907964546
-3.993355596758224 -7.0421475966055525
-5.177818903407547 -6.8828089416094524
-3.0028748764062057 -6.7054732182249275
-6.5462713417181275 -7.127664306485302
-6.689058428241003 -4.202169953213864
-5.943232943078179 -5.3240992777878136
-5.308270758423733 -4.74232566908944
-2.3670329873588587 -6.443823905501951
-4.253203898389868 -5.596313967245305
-6.999005547261778 -5.608504792621474
-4.79599656667901 -4.552139254326198
-4.040450243667593 -3.8553406496823746
-3.519315833892132 -5.842814954506364
-6.146904348103183 -6.1572762542800845
-3.618624770956283 -4.270876371219981
-2.426757679148622 -3.968050511968862
-6.646600219604896 -7.947961585127591
-2.409841920472264 -5.649887150753887
-3.694683409008431 -4.331999955992882
-5.44316777350814 -4.880045945904017
-5.038009386759509 -7.5036769162422035
-6.031222788472503 -7.600011699054592
-3.326313216062054 -6.746207710007558
-7.39573631610114 1.6488619550078685
-7.219364125413711 3.3987731238811736
-8.556122260921885 4.451275580374515
-5.614904550845372 4.17566527789786
-7.932464244491801 1.3999308636663257
-7.820630465617674 2.3034932251468074
-6.784819013718298 2.5106747645383027
-5.465391497656791 3.993724175610561
-6.014791717988933 3.235862770594716
-7.0800850038338075 3.1023575670566057
-6.20764985676135 4.365765506696642
-9.362040458447693 1.9762632290789188
-7.116919839635657 2.100152851201589
-7.800366028372493 1.8019429487177072
-7.68602484085462 1.4906896167641457
-7.677906681852076 4.654434342658124
-7.918102338474494 2.339672661865303
-6.874474911952707 1.9845372656581115
-8.870057743045047 4.016329062121239
-7.920685203690642 1.4430516389779822
-6.993010038676012 4.8718175214136075
-6.586532243575939 5.327671294388295
-7.4148396738181015 2.6461360792999407
-7.980950301275515 3.373006052689073
-8.686463271265762 4.9166740765951875
-8.777324890832496 3.6719478120111986
-5.318318859631156 2.8790050487207592
-7.174374614527903 3.4653852784789687
-7.428758356627652 1.9350234971533817
-6.2820488370269345 2.019577551742945
-5.939877634966669 4.500228878833347
-8.198463178413194 5.228108677037947
-9.20071514210166 3.6454377394379383
3.914981049769036 -1.9489569657718657
3.512720668969242 -0.0755564900938901
7.172432595688552 -2.6692138615570373
6.73840285969961 1.669733882633043
6.78921209343196 -2.5522906150113376
5.137280325287049 -1.5573292573362372
7.35298825706331 1.343844952439091
6.193148246379362 -0.848606490140599
7.610301495962762 -0.10527841448151021
5.67442457063532 -0.5105995848217444
4.344175331243772 0.2185467910059984
5.16098727022147 -1.572995870288655
4.935429761397706 0.12515605420010933
6.556654867296431 -1.0548211204326359
5.437123034573371 -0.6448198896572199
6.51238633328504 -1.1226673404851628
6.630523486577217 -1.0269904160445849
6.8498486567301615 1.5418928388005133
4.107474063056613 -0.5089291395471518
6.150880679660508 -1.4868899546185843
3.58847169882451 -1.4361342055044362
5.356891983224922 1.7987034728429458
6.849498924358131 -2.5549322001083783
6.232178814831812 0.8357933402437432
6.917262551553495 -0.7998990352364781
3.603221236122502 -1.79828919353044
3.978551674981268 -0.34684714983524234
4.3644896731977365 0.6136116920946835
7.8522882887875545 -2.639817537607087
6.127591265682851 -0.12491972371083016
5.020962989046274 -0.9943892500015217
4.114487733180184 -2.844790585500776
7.517925947479391 0.9395472669032765
