34.8131 34.4182
35.4961 34.5739
35.3165 35.0688
34.5891 34.3780
34.8645 35.3748
35.7342 35.1813
35.6371 35.0595
34.8992 35.4720
35.4713 34.0540
35.3889 35.5584
36.0793 33.2033
34.9302 35.3178
35.0013 33.9755
34.4429 34.4474
34.5690 32.5552
35.6892 34.3496
35.2721 34.8948
34.5087 33.8371
35.2378 33.3166
36.3951 34.1250
34.6634 34.2999
36.4879 34.2621
35.2081 34.0795
34.5404 34.3638
35.2507 35.3629
36.1660 35.3249
36.2549 35.2169
35.4109 35.0459
34.6498 33.4971
34.4409 34.7130
36.2268 34.5628
35.3826 35.1172
35.3540 34.7661
36.2878 34.9180
35.9907 34.8963
35.3179 33.9976
35.9047 35.5449
34.8815 35.0207
34.6414 33.4813
35.6588 34.4425
35.5373 33.4173
35.8886 34.1818
35.9525 33.8847
34.2435 34.3265
34.0688 32.8438
35.0776 34.0907
34.7747 34.7763
35.6922 34.6848
35.5100 35.1742
35.2342 34.3732
34.2972 34.0302
35.0089 34.1136
35.3511 34.5379
35.6188 34.5722
35.4506 34.9022
34.3085 34.0837
35.2539 33.6417
36.2282 33.7778
34.9002 34.5428
36.2041 34.3065
35.4146 33.5745
35.2188 34.1502
34.4043 34.3234
36.7280 34.5789
34.8872 34.3086
35.4643 34.0883
34.3796 33.6244
34.2365 34.4754
35.3312 34.4418
33.6434 34.9501
36.0282 34.0761
36.0684 33.4114
35.4499 33.5265
34.6190 33.2932
35.8664 34.2511
35.9062 34.6935
35.4816 33.8602
34.9948 34.0104
34.1764 33.8597
35.1260 34.2936
35.3643 34.2420
35.5252 34.5794
35.4172 34.4276
34.5247 33.6490
34.6944 34.3133
35.8607 34.7985
34.3226 35.2384
33.4925 33.9759
36.1503 34.3331
34.3469 33.3340
35.8122 34.4768
35.4115 34.3761
35.5589 33.7218
35.7917 33.5211
35.1077 34.6351
35.6970 34.3753
34.8175 34.8598
34.0281 34.5584
35.0467 34.5440
34.7173 35.0783
35.3303 34.2096
35.2527 34.4533
35.9555 34.5485
35.0046 34.2941
35.4563 34.3048
34.1231 33.5603
34.6996 34.6210
34.4910 33.8685
35.2570 34.2754
34.7577 34.2291
34.8358 34.5380
34.8850 34.2059
36.1345 34.6157
35.4806 34.6947
34.4335 34.5089
34.5588 33.9860
34.2746 33.6457
34.6572 34.7860
35.3991 33.8010
34.0611 34.8911
35.0235 33.9942
34.9127 34.0002
36.5882 32.8770
34.1960 34.3670
34.2595 35.0242
35.0927 34.8312
34.6873 34.9128
34.8704 35.5456
34.2207 33.7779
34.8499 34.5381
34.6945 34.1580
35.3476 33.5944
35.6053 35.0093
34.8391 34.6653
34.9557 33.3358
35.4534 35.6126
35.1715 35.1104
11.3856 77.6131
10.4776 77.6510
10.8607 77.2168
12.1374 76.9730
12.1951 76.3307
10.5372 78.1294
11.3036 78.3512
11.5868 77.7526
10.6635 77.2395
12.0004 76.5904
10.6072 78.4002
10.6488 76.7716
10.4496 78.0803
12.2101 78.3948
10.9912 77.0578
10.6750 77.5735
11.3442 77.4983
10.4540 77.3570
10.6851 77.8615
10.5217 78.5504
11.4045 77.8906
11.5827 78.0133
12.6473 78.8565
11.3846 77.2891
11.5977 77.7950
10.2257 78.0084
11.7846 77.5077
11.0032 78.1601
11.4699 77.2276
11.8014 77.2918
11.0195 78.4809
10.9019 77.6390
12.3576 77.6096
10.8490 77.8449
12.0873 77.8777
12.0652 76.1905
10.4692 78.2186
9.4110 77.7770
11.4342 77.4655
11.3891 78.2657
10.9443 79.0735
11.1057 77.5881
10.3681 77.9985
12.7150 77.8537
10.9654 77.2792
11.5673 77.4141
11.2236 77.2821
11.6889 77.4430
11.2595 77.9249
11.1290 77.8134
10.6070 76.7898
12.6699 76.4409
11.7155 78.1311
11.7125 76.9748
11.6783 77.5666
10.7576 77.8235
12.1717 77.5270
10.6678 77.9423
10.7258 78.2612
11.3579 78.6604
12.0412 78.3142
12.0878 78.0323
12.3112 77.8220
10.9609 77.1054
10.9935 77.5042
11.3783 77.4799
12.3963 77.7246
10.1889 76.9784
11.3830 77.7791
11.9421 76.2985
12.3607 77.8193
11.6095 77.9435
10.9643 77.4534
12.0459 77.0924
10.4927 77.7583
12.1139 77.6098
11.5786 78.2694
11.7977 77.7723
10.9479 77.3217
12.0932 77.6811
11.1110 77.8039
12.1537 77.2681
11.5359 77.9096
10.6768 77.6633
11.4837 78.0371
11.1848 76.8096
10.9674 76.8525
11.1804 77.7560
11.4830 77.4129
10.6556 77.0999
11.5688 77.7706
11.1920 78.1210
11.6381 75.7780
11.5117 77.3580
10.7964 78.3774
11.2192 77.4288
11.3807 77.6993
11.3831 78.6761
11.7854 76.8869
11.7230 78.7759
11.7757 78.2462
10.4707 77.3763
12.2196 76.9584
11.4545 77.7773
11.9662 77.8407
10.1501 76.0596
11.4764 77.4719
10.4153 77.6599
11.1437 77.1851
10.0183 76.4208
11.0652 78.6272
11.2217 77.3995
12.6502 78.4301
11.4161 77.3573
11.3183 78.4112
11.0619 78.4341
10.9345 77.4552
10.4384 76.9875
11.3010 77.6230
12.6351 76.7926
11.3060 78.5346
11.9789 77.7548
12.0406 77.0530
11.0569 77.9057
10.3090 78.2736
10.2949 77.2466
12.3226 78.1585
11.1593 76.8577
10.5398 78.5205
11.6020 77.5253
11.6894 77.7275
11.7404 77.5900
11.1940 77.8794
11.3356 77.9427
11.7450 76.8699
12.8314 77.5408
12.2234 77.3754
11.4869 77.1507
12.4745 77.6225
11.9421 78.3847
10.9654 77.5035
11.0998 77.4585
10.1115 77.8442
11.0442 77.5618
11.5277 78.0191
11.9123 77.2472
10.6909 78.0637
11.3401 76.7621
12.3160 77.3372
12.4744 77.1964
11.9437 77.9126
11.0038 78.0051
12.5623 77.4467
10.9933 77.4797
11.1538 77.9067
11.2085 77.6337
10.7931 77.8641
12.2725 77.4463
11.2852 78.2457
11.7326 77.5944
11.2026 78.3897
12.1988 77.2096
11.6943 77.1497
10.7024 77.6217
10.1232 75.9643
12.1827 78.0434
12.2824 77.5915
12.3389 77.1552
11.1586 77.8010
11.1068 78.6926
10.2198 78.0704
11.4873 76.7872
11.3812 79.3366
11.2580 76.5976
11.6508 78.7186
11.7678 76.6411
11.2061 78.3985
12.1404 77.8607
11.6176 76.8087
10.2439 76.2865
11.7992 77.1627
9.7732 77.8792
11.1451 77.9083
10.9757 77.1298
11.7057 77.2060
11.4431 77.1405
10.7459 77.2861
11.2034 77.4571
11.5271 76.9222
12.0543 76.9134
10.8470 78.1465
11.9571 79.5774
10.7138 76.9021
11.6699 78.9461
11.5128 78.4957
10.2323 77.3178
11.2511 78.5982
11.2464 78.2140
10.4477 77.3585
10.4515 76.7222
11.8076 76.8418
11.6582 78.8723
11.7315 77.3776
10.8407 78.1844
9.9890 77.5914
11.7583 77.4348
12.7313 77.1345
11.6181 77.7353
10.9921 77.5356
10.8541 78.1458
11.5638 77.2930
12.9214 78.1725
12.3039 77.7214
11.6345 77.9934
11.1702 77.6005
10.9563 76.0993
10.0200 78.4363
10.8827 77.3072
10.5573 77.5846
11.2420 78.1695
11.3543 76.1914
12.0660 77.8546
11.7215 78.1016
11.4157 77.0283
11.4759 76.8784
12.0283 77.0427
11.6826 77.7000
12.5938 77.2195
11.1220 78.3929
12.4006 77.8770
11.1154 78.0960
11.2842 77.1214
10.6699 76.9708
11.1662 76.9479
11.0380 77.1306
11.4872 77.3842
10.7568 77.6882
11.1548 77.5899
11.2511 77.4832
10.8847 77.2039
11.2660 77.2592
11.7218 77.6889
10.9090 77.3658
11.4812 78.7476
10.7724 78.6090
11.1170 77.8425
11.0763 76.8464
11.4575 77.3204
11.3628 78.5185
11.0481 77.4893
11.6352 77.5936
11.8758 77.1562
10.8886 76.0835
11.6919 77.6783
11.4263 78.3672
10.5784 77.3081
11.2087 77.5251
12.2410 77.3898
11.0403 77.2801
11.1558 77.6485
11.4239 78.4740
10.6695 77.1533
11.0175 76.6585
11.1253 77.8672
11.8990 78.1213
11.9223 77.1359
12.1468 77.8206
11.6545 77.0245
11.4330 77.4721
11.0302 77.3814
11.6046 77.1794
10.7005 78.1043
11.1137 76.5691
11.1324 78.6232
12.0145 77.0825
10.3306 78.7562
10.3234 77.4665
11.6307 77.4256
11.0193 77.3978
11.7509 77.5647
9.9246 77.8464
10.6860 76.7797
11.7180 77.7515
12.3420 76.7803
11.6515 76.5993
11.8192 77.4313
11.2625 77.6198
11.4618 78.5951
10.3090 77.5513
11.7061 77.9907
12.1000 77.7448
11.1752 78.8220
10.9110 77.0019
11.3250 78.4211
12.6553 76.1493
12.2950 78.2301
11.6920 77.1113
11.2978 78.2834
11.2804 77.9888
11.3453 77.0063
12.3386 77.7370
12.1266 77.5126
11.3386 77.7972
11.1687 77.3455
11.4746 77.4405
10.2147 78.4014
10.7510 77.9218
12.3673 77.8744
11.4571 77.7336
10.9183 78.6151
10.8895 77.7972
10.5187 77.0537
11.1465 77.2335
11.1534 77.6986
11.4801 77.0840
11.4027 77.6381
12.1737 77.5691
12.1637 77.4303
10.2053 78.1130
12.1479 76.7887
11.0851 77.3494
12.0340 77.6968
11.4064 77.5767
11.4431 77.7893
12.0817 77.9790
12.0212 77.5404
11.8423 76.9740
11.0487 77.8980
10.3871 78.6048
11.3051 77.9534
11.1018 77.9268
11.4755 77.2442
12.0455 78.3428
13.0653 77.0829
11.5693 77.8017
10.9003 77.4356
11.2419 77.5329
11.3203 78.2592
12.4409 77.9384
12.3729 77.8037
11.2227 77.5446
11.6087 77.0673
10.7182 77.8363
11.2081 77.6133
11.5257 77.0157
10.8209 76.9744
10.7362 77.7887
12.5979 77.9413
11.4761 77.6306
11.2308 77.4692
10.6546 78.5919
10.4212 76.9427
12.3139 76.2068
12.4282 78.1087
12.3927 76.7921
11.7694 76.9873
10.6653 77.2263
11.3580 78.3536
11.6258 77.8966
11.2292 77.3177
11.2692 77.5855
11.8279 77.6777
12.5178 77.3175
11.4049 77.7415
12.0634 77.2282
11.7760 77.5018
11.8210 77.6026
10.5440 77.7326
11.0367 77.8821
12.6153 78.1346
10.7514 77.2585
10.5038 77.6414
10.5285 78.3099
11.2265 76.6952
10.9422 79.2194
11.5445 77.4910
11.8219 76.7128
12.2447 79.0112
11.9318 77.3341
12.0275 77.5727
11.8373 77.2490
12.1005 76.8833
11.4566 77.0398
10.6672 78.3116
10.9511 77.9281
12.3654 77.4297
11.3101 77.6703
10.2893 77.8047
12.7445 77.4764
11.9737 78.3184
12.5724 78.3698
10.8117 77.8549
11.3995 77.5717
12.2488 77.1540
10.9969 78.2174
11.6126 77.2272
11.9319 77.0811
10.6955 76.5787
12.0901 77.3664
11.4507 78.7599
10.9664 77.5584
10.1908 77.8111
11.9078 78.6151
12.1479 77.6329
10.9574 76.9876
10.7115 77.6431
11.8690 76.7291
11.1244 78.2467
12.6436 77.7086
11.6181 77.3537
11.3494 78.2094
11.9601 78.6510
12.0208 77.4325
11.7821 78.9701
11.2486 78.1759
11.4708 78.3781
12.5463 78.0885
11.9201 77.9382
11.6037 77.6639
12.5409 77.8084
10.7539 77.9038
11.0574 77.7935
10.5244 77.0421
11.0345 76.9559
11.7542 77.9028
11.3905 77.9199
12.2128 77.1828
11.4824 76.9415
11.9094 78.4652
10.3850 77.7417
11.1109 76.7964
11.4848 77.5165
10.8230 78.5340
11.6787 77.4355
12.4900 78.0564
10.9900 77.8872
11.7177 78.2573
11.5839 77.4918
11.0584 77.7979
11.9042 77.1771
10.6846 76.9026
12.7035 78.2752
9.8588 77.7581
11.7913 78.1267
11.7461 77.5630
11.2366 76.8574
11.1668 77.5380
10.8220 78.2208
11.2302 77.8079
11.7341 77.5251
11.1690 77.6447
9.9274 77.2766
11.4270 76.9815
11.1773 77.0885
12.0667 76.6698
10.9224 77.4819
10.8172 77.1384
11.6816 78.0346
11.8169 77.0655
11.9219 77.7581
11.1420 78.0145
12.1731 77.7252
11.5012 77.2493
10.7619 77.1416
10.6079 77.7993
10.9599 77.9439
10.3986 78.6405
11.9020 77.0802
11.0010 77.4292
11.9096 76.6980
12.3488 77.4348
11.2078 77.0574
10.7182 77.0851
11.1934 78.2889
11.5556 77.0444
12.7430 77.7970
12.2063 77.5051
11.0523 78.4574
11.7496 77.4236
11.5111 78.1882
12.0716 77.4786
10.9698 77.4964
11.4528 78.1774
11.8305 77.8782
10.8069 77.0919
12.1863 77.3426
11.9557 77.7795
11.2448 77.2860
10.1685 78.2522
11.2886 76.9986
11.5043 76.8930
11.1159 77.8462
10.7756 78.5543
11.3371 77.6977
11.9644 77.2375
10.9907 77.8503
11.7833 77.8088
10.6354 77.0120
12.4637 77.9972
10.8494 77.6954
11.5295 77.3280
12.4170 77.9234
12.2265 77.5965
11.4571 78.5008
11.0159 77.5073
11.3568 76.8204
11.4732 77.2212
11.0530 77.7868
36.7432 83.3502
40.4568 50.4794
36.1059 1.9109
82.3095 89.5095
89.0408 33.1597
15.8483 30.2823
79.8232 43.5315
