1071 26
34.8541898587 74.89658
37.535061203 10.9681
42.1772 1.28824
75.368 51.6
41.46676 11.71468933
50.7159 0.96721361
59.762349 20.361
23.251 18.6673
54.97285 11.7538365
13.4941549 7.74645788
21.883 33.4987720478
14.10544 63.5494623
11.7 16.92
4.21296 20.33528
6.33 32.78
22.11008 69.2987369
9.004999486 30.068
47.2577 30.6108
2.8318680196 71.143107686
25.5116847 25.45996
38.291 2.6307
85.0115336558 2.771690368
12.581 39.46
14.3423577071 32.221904
8.305903289 34.40612863
29.8902787352 24.893
13.579198045 78.043691813
7.5141 62.4777854
7.14251 6.781
0.064251 15.89081866
37.073678 75.16874049
40.272371756 24.9340726321
20.60704829 15.4707
17.5030032 6.141465818
11.09 31.50309
14.4790212 9.98
29.9105715973 17.696089
77.5326 4.563227941
4.2387967574 6.9108840416
37.735543 22.894393
6.47416814 44.55069145
15.5463603075 18.8985
0.12 11.79314655
4.5053337614 13.910773
8.68 21.24161
58.58538384 29.5339
36.3003299128 9.92156
1.586784933 4.426186557
64.4405767 26.848189
6.0294020682 3.5877
35.9356847 12.184
38.230904 63.2719505
55.53199824 12.5210566752
14.2944284902 51.54543
0.44 1.7723
43.7269720599 9.514241688
22.563 18.36315
2.8535 66.5258772694
52.45328313 31.8099324
17.54658707 2.56732
4.8528791347 2.243
15.918166 69.2782774515
28.4291830949 85.1997
21.681274 23.5865
30.92701709 77.927
12.86383 38.90693
5.98671009 10.66676
11.9732926 72.5284
34.45 73.9374
6.5662 5.607127809
11.3647 32.73174
1.9866072066 10.071
15.02 6.55720735
84.4488816452 18.18
12.42120068 52.54
6.37041847 69.647908
13.09954 37.2027145972
25.8218719 39.1386
15.47853 20.14602
15.7126301 52.31212198
22.074786 28.40193
60.2623619 6.055958
9.684948427 7.805
21.532877258 24.721739346
14.8726 10.4315
53.2646 52.1896
63.03509 9.7904248433
79.931 31.55
30.70102 74.643
0.444225556 10.469
69.2245144229 47.014
2.6009817948 8.54242
7.2731928 6.22730518
37.90247 32.29737
8.3214818 3.8888959
3.18932 0.560847
46.359209404 0.658307
20.131 20.73
31.29715564 10.7384471
9.43 60.3552366
31.744154301 4.5416406419
46.7954987849 14.8065841
87.7091324123 76.10877832
62.21357 24.691
1.935100132 55.4588
48.037 14.3924019
31.00635 34.924364188
4.238857286 8.92
50.87 38.5206973
61.3374 30.18
48.438207478 17.177
25.6548153 5.312852142
77.751785 12.17116209
28.7378925532 45.040692983
7.756557444 4.1429104789
11.4875 8.098109
65.67 26.125458
20.68741 17.1495969182
42.68258488 4.3010734691
20.4869 11.80107056
1.4091 17.06
5.7469922 52.390929
2.597961601 1.2702235484
73.38231386 19.8909376
10.054116261 41.77827736
19.25301 10.94
31.42083 49.778821266
52.59959 2.2357880015
1.2746926453 6.2564
31.428 35.0948868
2.6333253 7.8108
17.04 2.9424
21.36367 20.76
31.2963 71.9
14.905975597 7.2253733114
35.76 2.229828916
2.297556 25.358438052
45.07876 18.6919679
11.25 25.1218728
6.85393 56.12046
16.787725 14.744313
13.469575 69.072
18.87665 76.63
37.34 3.009216969
4.13 41.06
24.4809155 40.0056
18.29 5.1518
0.27214501 24.91
17.71436147 32.9527602468
41.0876 3.6370328
22.06 18.8272909
22.916244 30.55293
9.65 37.33762652
44.186 7.626319
31.85 4.86027
25.7533503736 16.5126
18.06 10.020801
4.919297 12.38711
63.03034 50.2593
10.8760303 18.251505629
10.77306607 28.1343361934
34.1675820185 22.53152
16.2938649429 5.8041633
57.264672249 12.68621138
27.4811 30.54501409
75.35 7.04591
4.6271728 19.702
25.0009 16.232267661
46.3907264 47.649
18.4276585943 3.222
16.10915841 28.499659924
34.415407217 27.87780353
12.6720061784 4.863
10.061351 80.792
65.9896248 46.476
1.662 43.407589424
38.79921941 16.869
84.298039 60.034
21.813717 27.8421
13.1402 68.0
82.0862 37.0663131255
13.257829 25.429959
32.58192229 46.647
33.6597 28.4239
10.8962237 45.76566
33.47 6.76886
81.252123656 4.2365244
33.26083 67.66392459
22.14296163 5.24287229
2.57482993 24.941
56.94333022 0.522496
23.33 32.3001795
58.387446361 0.17896
4.2656 43.58
9.826 27.3908
44.130485673 18.570361994
70.201 3.591
28.2003224819 31.027641
7.136664848 8.2668
48.41 19.154
28.813886 1.317666827
5.43959602 29.9923949
5.918408 9.53518
18.725039233 2.727844325
38.2766 22.62101765
48.23 1.873
80.3327187 29.330929268
0.0415544 11.724549418
34.524111639 14.39942
27.37764 29.9702
61.713339622 34.9804
3.32030217 58.814223
31.186729 7.01436834
12.73949836 37.25658521
40.82 29.12969643
0.084886066 34.551
19.1481569707 8.01503522
41.835297074 47.8500154595
7.45 35.880877533
8.367 14.71
41.46455349 10.24
7.884465 13.8060468
41.3685 19.79913
6.0919068022 54.19115
6.35234 11.926
10.880471214 26.6732034119
14.2444 25.616651
6.42075224 47.6677641
1.66158 13.02824701
10.347 24.20459
4.11642857 3.52009413
15.04 35.82061914
78.5754881617 12.58
31.3762901 0.676024572
62.69796 28.95363
2.49 30.8735655562
9.597 82.4804823
42.827455 41.42092259
30.3727 1.54
5.03625 49.659023
7.190244 17.4826
19.918299 20.02428
47.116465 22.4155251398
35.9628242199 13.6408489211
68.43 16.1671163
91.49154609 52.5145289844
53.6875813 0.1068513439
34.572785875 68.67673397
5.8642 48.80101
20.781 72.71600772
1.218503 23.42012299
8.31491 14.787
41.0145 5.849486279
13.78991 26.494
4.7739857 54.42836
17.168626835 65.276
37.39544111 5.86
14.85760143 46.5935933
27.1498638 1.0266699821
66.175603 60.4822917014
83.9891 12.750231236
22.0097 16.281582
16.5041 13.25
24.419 13.5131191697
8.08703 82.786
0.935 22.28
9.20936843 86.4541112
26.4 20.1927
62.50203149 20.2316
7.19067 16.95607574
3.7256005 30.8670532
25.1613 50.67398
20.8784500199 25.4279706
12.447989262 20.767
54.410251 16.68799
8.601706436 8.159
34.79151722 8.3031742
2.38011982 1.2793632
64.26995163 10.2162
5.828633 14.00133
3.8 65.18944
16.75198806 23.2864
16.22832124 24.79763889
59.8744763 31.4650787
25.951 38.573047456
9.33963 44.93799
10.56240808 26.6181389991
51.448 7.08016
36.512 16.187223
8.006 11.2124713
5.579800593 38.7706
13.97868 26.6776
28.66863 1.98
24.2318603492 76.1650614
22.87698746 58.79
25.251 22.710434
17.994 7.18
18.66 38.64
56.67359 57.6236
27.421332 9.5736969972
4.43778 75.399457
67.22849466 13.18180075
0.2579918797 8.08
2.54007389 8.9222
7.3258625 1.374846945
36.07 16.1374289
75.15476 30.468
80.7748 8.797
18.8708338 9.58
3.1198826405 39.560357346
13.5945076431 42.61759067
8.9262191 82.5112892
34.09826 35.9761322
38.020163 17.9
21.504214 0.67
14.49184 23.64015
24.68678577 11.546849402
22.8038399 39.057723818
18.799322561 8.011125958
17.57523 81.4403794943
2.2895342975 35.0734599356
9.234 49.0754012138
9.760461 26.53
40.18289 6.1843748
17.13627 51.05746
71.971631267 37.54625728
58.4305804316 72.7382
48.83740048 56.82
43.6471 56.949
45.68419 53.62257
31.0194726258 86.19241
29.261831722 7.12
31.83979 57.2
40.52 16.9978874454
59.84484126 13.9760055
11.21945 15.78
20.81317669 76.68
62.873 0.71878
30.93 0.03534
20.1553218 59.10915794
33.8888421 12.0552734507
11.95 23.93317
19.96718 58.39319208
43.53059 7.40702159
50.5874535 35.4505423
45.31193392 60.687151
61.13 53.124
1.77181 12.558993
34.878332 1.098582669
8.68001 40.37013782
13.97 37.7164
84.299 7.0209715173
19.2328278731 3.4254
16.2533 12.401917
35.7232260916 20.8282409422
47.4408462 44.8898670868
84.0452796801 14.193
0.262251 82.3893
45.47 4.521
11.73 21.64038815
7.446469 7.643054
39.9371719844 5.5950841
71.53 15.8672152364
29.5316349655 15.11
4.950115675 24.89
34.9482 23.49
7.907 52.5130967
32.6280336 10.034911
32.44 22.55706709
1.8477651 5.25393
56.5784943 11.952
16.674428 41.252
1.634 34.36
11.83257961 70.109
69.4944847 28.510416
42.97026095 48.414
30.9574 15.96
10.085 20.65011604
12.767629 18.222
10.92 49.8673969735
34.09677 23.01201277
11.9807 83.2786
62.957 41.6
15.394 56.63
34.950410085 6.6228223008
36.39927 64.71273
14.07577006 85.69
17.9502547 25.6383
9.8062162347 56.9443
21.6258091 19.2029
27.466249 0.241466
12.3403 3.350826013
34.8053631 21.221621
3.56 85.068
57.89 19.800815788
19.3461059 5.942600723
21.21649 18.472394
9.018727239 10.94953169
22.291 54.03069
13.35 26.889340319
6.19261942 36.7186747
23.101898015 10.06415
2.219 73.5435137
9.792994029 19.723006
29.98 52.62
20.94890681 74.0630557247
57.890053 92.05
8.32095417 7.7
61.574408456 1.865360636
31.502 5.871
7.60695 16.50287
4.062628997 28.879
37.975 48.078
55.3190694 17.1152
21.914675495 31.4182610314
63.7 17.682988006
23.304 14.009623
10.491212 40.8384
57.0523299078 0.5511
24.49672 83.4949536451
30.8571 7.175514
56.6221126 38.3046
66.2 17.64776
13.77 40.33
3.87983 7.559767
19.6388597 35.9131680817
7.4744319 86.4584487
17.1930857492 1.45763
5.24 67.53836712
25.8502 40.45
5.3372 0.90287
22.9248 63.5809
48.02586116 63.709416427
82.3227055 32.471709
45.5656026 8.5515
11.3516378409 13.6982654
3.7052821 0.9217622
20.7326 19.374307304
23.14431 19.58
10.308 12.00949851
46.416468 16.319477
7.36365352 45.3641074
4.74163 26.88
64.51 55.661855
44.0255065 5.42
51.168 48.805996
29.440072388 69.087568254
46.97 45.276392
12.7526468856 5.041193
61.2 48.539
61.7538 29.22886
12.666229173 4.0837484582
1.900378527 34.621
55.71021 20.11488
31.08383 9.6062
53.320892 11.066
36.927 15.1864
34.19135 6.196317
32.861102383 39.749216736
10.2082 18.8236
15.68 8.1060224
0.061 49.7069225904
55.92 55.17
58.58193695 30.08
44.8368858865 18.70874338
15.115102 12.3537
4.364 17.120334956
23.3325266409 8.245902
15.655661512 61.11
9.3132482023 22.05
43.205 14.925396095
19.8992704 66.54
47.5148 26.98523
33.524189 0.09
21.8717 3.4804076
25.4266 33.881221877
9.9826 57.763
10.569278181 37.44
27.373 80.994613361
10.20149648 24.85
6.2842 19.800945921
61.72627173 8.93
19.1020467 66.4948
18.22871 27.281055564
9.797 9.1862652
14.837730856 6.857479223
41.18379 38.01060952
51.056981954 12.08551
31.92 11.84898
31.776 11.778037
20.91791 43.637
37.238 28.639330096
0.4383649087 13.30504
9.0142346 10.667251
51.0658 13.9517
28.90534089 45.521256
38.126 1.682
32.82 10.7933152
16.57343 12.0025
2.888636 10.9056727189
70.5222576 25.56484
46.77489 15.4720375198
11.201 22.40258
13.4 67.321
0.951057386 22.492144072
21.77612131 60.1187
6.220156 4.47
25.52 19.1
46.21855 10.267
3.38648498 3.130208042
5.10758 58.693197256
21.27096523 33.2956571086
9.17802 0.42822285
6.82172 29.9702061596
9.03157 19.635421919
60.2659029239 20.8037009
15.9528969877 32.101765764
45.44165125 17.1045409441
69.236136136 18.208910977
55.5233816 45.7007399532
38.95988399 79.700124011
36.2811087 17.54
18.4167793424 27.46341956
40.806 74.8749
4.608 14.444242677
56.7955395 62.3222677
68.09366 14.368
88.66089038 45.72464
6.592096507 22.0943
8.8469937 2.4840453618
52.908243952 25.8553152901
5.5852896469 4.019
7.4020884 2.2
38.9728 54.3848
57.5378805269 41.95391
51.1059028986 30.171
57.0066433 14.4133065
32.56574 7.75732671
29.4898166041 47.4
16.47827 22.39313
8.47881504 9.65462367
50.91984582 7.59
29.0621121438 19.06
35.4843415049 3.569175253
15.9369364849 37.3209619
53.289712334 34.41
20.3199442 10.3817614
25.0 7.3926694
12.38834035 29.7595
12.644636 35.52
30.5181935381 15.3476030817
39.05960688 1.16455
7.302 76.1692
35.143487 9.6994
24.81 30.8151194863
42.6099 75.3
8.8382 43.38473
5.94 4.9598
2.426726 12.7720185039
34.912695 14.912807107
23.71 18.3862
60.94 42.5334
2.919 3.158785861
2.6405623765 7.106
46.769396555 42.17
19.375 9.884546699
7.6097 18.916
52.42 25.562
16.28 2.1821
21.8 27.9591692337
44.296224 9.4319194
1.4651 24.928913065
20.6044207 29.015577613
72.58731575 4.3759351286
5.22850222 5.1716045
0.94819 59.6335505924
2.03139 86.3478876487
9.109925 1.805148
19.36522581 34.964521
3.2614071504 62.956503507
23.4334731401 32.454
96.9807781 29.3487
74.12141807 16.1650116587
51.0524 38.6674
34.17135 0.26352979
67.40578238 74.03503
8.0026 11.6265
9.2345888598 60.901583143
58.808 15.484
43.402498 8.64
43.7684 36.9006830974
25.687416 14.59
5.6191008 54.521007
26.7542 65.1413
58.256186 58.582
71.4834 6.0824
2.3560463452 66.4993
17.93978 4.659893
27.23727243 88.0384
4.2899823 9.6996149
18.218593449 9.068
16.1513 0.9563
13.66192 59.61687861
42.4564775 15.3133029
64.9325529065 28.47529
50.265 20.959756288
20.70863655 35.80106
35.928 15.7684424
13.666113854 5.7440557
73.46 16.064
34.705 24.14
53.88155578 21.804904
43.48 15.424275157
45.5432421 47.5488
81.89588811 37.06
35.581382945 68.61051821
13.577 14.508007846
1.1424 38.01473
12.77416 28.87225853
19.21 26.8402216
8.9699591 15.9136
32.97056 7.314519
16.7173344 7.59
18.36896 17.491159
13.63462091 20.9208157561
17.83 3.7248367
14.82534753 3.8172
7.6442 22.763522768
16.236899013 74.4258594
19.26646 52.719342845
30.29460459 14.55160203
15.3233 28.31797
9.5137679963 4.9857
2.7870781 23.58560506
17.1504 38.561139753
19.01196851 4.208766
17.8013565 15.4263067
13.2 8.84
10.78206164 11.76525312
4.22334414 4.7941451444
26.805 22.16851807
24.2 3.522659882
97.2892222 33.338427
76.4492 21.338
63.474703 40.5355456349
7.194071 14.09
5.751586 19.06
7.397432 36.130948499
60.11635039 1.98978
27.6541007 71.53
53.0633674 30.3478245
5.71 1.567802816
17.198671704 8.32866107
52.0215 2.12005515
0.22444 8.6015444
32.455583 60.93296967
36.782594046 31.158
16.75974 41.141
35.1371 38.0154954
66.30967 6.721215
34.817 16.982
14.04 19.99143358
7.683439 30.65125294
51.6621313397 8.805646
7.725 1.522424
13.818067 16.998
25.0000185 3.81
15.204274 38.4583073
27.4055769 78.2101746885
69.3263353 15.47
7.03112474 31.39925858
14.6173947 57.8787716
39.654659 59.2514
31.51649136 29.9996
8.906 30.686715
38.8356288 23.5107235
40.0927978625 34.88
35.139 19.51
1.8274 0.322
26.314621981 41.05227
9.89678 20.32
8.3534 41.172719204
16.8417 5.93488649
8.36526837 6.15623
4.978 0.4568232
25.7545773 35.41893
9.34903 30.986509089
93.03 52.493887
8.33766735 15.0387875
9.71937738 26.031743082
14.7988513 9.98663
18.8235492 10.85
41.5195593 4.36159
7.0600274918 23.772739
36.6717 60.004391
1.4166907 33.00007
0.89608451 9.651
28.35249 15.42757893
21.465041159 3.2233
21.96 11.0892086
8.5299 27.94210341
59.545 15.383258256
41.71989 1.777982753
62.1106523232 5.317
15.61642489 1.31032
23.39473 25.45256
20.62586 19.96296
2.793259 27.06100038
35.693536326 63.472768
7.164 1.3565374452
17.374745 11.0596
49.340924 0.5478369
37.3557871634 8.8200899
18.82713 39.33701577
17.306570212 43.8198481
64.18136146 20.04016552
9.68 31.42991
28.43505801 5.75
7.500643 18.275666
54.4037 7.86
21.05 11.37196402
17.685148026 8.1013668004
16.21 56.89988
4.052944134 18.85
5.7807188932 44.607809
60.935213 78.569
1.099295952 5.017206661
84.60935 37.38
4.8227 46.9976
8.6463299 3.0299
56.74858418 4.0146
4.4770048 55.6708522189
12.901868 11.134859
0.925 20.5463776151
34.43579 16.485714
25.5803 9.247
22.0812429291 90.75942833
23.9018 10.49568555
10.28125 57.2984858
1.5338564 8.1693
18.405 23.72
14.454 34.896087
28.24487701 14.4738
79.7799 6.1970302
4.717925921 37.23864
63.47308 14.851356
1.54 30.0523
57.9990955 19.90532385
22.10394 81.539
25.42 18.69417
57.7276437 10.266549
3.98361 17.5463588
23.31 33.147
9.2657652 7.8976472675
5.8772496091 58.86614435
33.161907599 14.5688607
16.4997871 8.6360174
6.56077107 28.93884007
12.8073652566 54.34
0.4408 12.594
22.074722585 24.387062
41.9952881 20.42341453
52.67 42.120318
42.07534507 45.83848
37.96 50.251
5.068829 36.457512
21.909 11.776061
17.05081 1.12406503
60.296 57.97
53.00193086 8.931
17.016 46.557349
30.75021717 23.194314043
40.536372 10.52217937
33.352 14.332695609
9.1139818806 29.36007
24.464 0.07
16.828 86.891878277
3.902248 72.04
30.449 30.35061
20.47343169 6.2722358
16.37632214 0.14811
55.2004207 14.0874908
26.22408607 6.86
18.486952 62.534
32.008901 32.111811173
26.657 23.45478
23.7264465931 55.869623716
38.277673 12.883477
11.73533805 42.02635273
6.81920553 43.2076
3.48714252 27.8392045
22.91093675 46.378351
1.71 31.25436
16.60097 0.84992609
82.5964 30.06378
13.917359391 9.4808423
52.370185 14.801
56.71888 16.5479
14.896 57.737
22.732394973 12.26
49.39778774 6.48
24.45313 59.04
17.65712234 4.6295551
11.924042 34.00377
39.1581985 32.834385
20.5071 10.429
5.5962759952 16.9799445
11.413 69.19453
16.58812 7.6725356
52.224448 85.59631
7.49 32.40466639
72.08 72.11199
20.02 66.86
45.03525 72.818
41.947744 18.728
50.856281909 26.470778
27.9033 44.404692
33.27 63.3
77.438802221 18.431
48.3365 23.50484
83.6132116504 34.7019028
38.014 52.36
7.4329719 2.425270729
39.6186 63.471091591
56.491917 64.494192445
41.47205168 13.955897003
0.725699 3.981937
14.559 28.30687422
16.280887158 20.4129
12.5752064 41.5973005444
15.668550966 37.72
22.7113954767 45.0115
69.328626 5.5353127
44.45215 15.814401958
2.63040082 44.89
15.2109637 7.761
17.0401825811 33.087
69.654852245 38.0810763574
61.03 15.7225314
10.046 0.783588469
39.7459331359 0.953199
26.9486241 17.943903058
10.33 29.724654
5.473385608 12.3472946
5.2157 27.730189752
0.731932 29.409
57.0908698248 27.700381
25.4844 13.41
10.33566702 10.9769
39.55745 37.158233025
2.052268656 48.914896306
17.4625445 13.460367223
23.9071745444 7.35587917
43.4315 25.706765
40.51 46.16
2.344 52.25110744
4.447 24.2995922696
74.377943095 52.001499
2.0295 8.8654784
22.249241 19.12353
16.508032 6.42621927
6.0834124388 14.22118
3.7 18.129134
4.164 6.0253021818
2.4715 5.73
34.473337 6.03366
26.28968252 50.665
74.74509 0.7140541
51.25 18.5823292951
12.19 76.3548225034
6.267218365 24.47653
14.28104564 14.65
69.94 23.163443304
34.74307 37.38
0.790941788 1.5932
20.57 34.7321675
5.986697396 27.645
3.52895396 13.28
30.609731 38.1113
48.374698 27.5030214063
41.9492433 16.74
28.01134 42.32757357
19.786846978 13.907
44.5389 2.406765361
53.7568 53.42561195
11.912252 0.02383
83.3136 45.54945
70.5352 24.3485
19.04405 59.221834
29.97 3.219006
15.044 4.07166391
22.281318657 29.19402
28.30938 0.530335916
29.5158239 20.72085
23.249988 17.2135
42.8033679 9.72710217
32.4478047911 14.90014
81.75967 3.86072814
17.094035 3.133142
51.227373 12.83
15.416372 44.9053
94.0334962 6.39
50.61141421 47.229072891
45.875869 38.0797
23.46646 17.181
50.55 12.7083
73.78615 7.214
80.925301 17.7304581211
82.089388051 68.0289488
30.23672476 15.2132672199
46.87612487 8.110736
7.408 4.54472
14.6003517 42.522
40.422896 73.329933544
52.55338257 10.0262191
18.415 21.5717
2.37937 2.549
53.59548514 23.5653972613
12.19 1.93
56.33638933 25.32123336
72.335 4.0791473
50.56 12.36687
1.2229 14.1038
5.433 17.124873
39.957394 59.3354
2.617807 22.27
65.783197217 45.8333989
36.31219211 41.73461915
17.01 20.348168
38.25435 7.18
15.710178 4.7602168
9.3579879 67.46394139
36.2002560964 11.7979
19.99 5.0521066
24.91 53.9232913
16.52 48.481
82.13 51.307229843
13.077 35.172604999
3.7677315979 49.12387425
13.8628704277 7.04
58.2341 26.939791
19.983266 12.03
48.2493161 16.9515251
53.6956341 12.187711
62.14 54.6187236141
45.445434155 34.0871799767
78.695 2.3369702
43.841057641 20.015
36.5998 14.28
10.7280267735 23.3531
38.1687689028 94.36375021
9.686 30.37624
22.8390224 52.546421319
33.4436941 2.887
16.9143485807 15.5165
5.66 5.54766288
48.0335 8.459410641
54.16069 28.4264967
13.98 35.198
35.175013 11.49495
85.483209 0.120906886
8.12162055 46.7716
67.281303 23.7715
17.701933755 18.92
5.46 10.0208297
35.22774 37.0173219
28.436 6.370447
7.65618476 26.52057466
17.7891354 7.197
25.1192 43.34837
4.88767 34.13289193
18.328877 2.531048
29.9701851 22.41625384
8.0281199 35.9782
55.8 21.013945
14.05291122 28.631055304
46.66053 3.77
3.65628 48.55
0.59503 0.35204
31.91348 21.87509
12.891 10.3136418357
49.87 9.641714103
79.73 10.5749807086
33.02 10.0864
22.356565 25.638
22.373439762 47.4071
21.2005 13.400435
77.6926 48.007076
12.34701407 73.26233568
9.3065616059 6.21
5.29 9.31
56.44 9.99685538
52.9350463611 5.882971694
78.885922848 23.801
60.9063 12.5246619
17.16823357 0.38510889
32.51097 63.317958343
9.7534845 64.419402
5.6423321 3.84666
16.2692 14.5873813174
16.833868453 34.9528347
51.5275690714 30.902
36.2125217 29.552924572
32.054 85.38967454
6.6411 27.879071854
9.26 25.6262424227
22.2204527964 5.0112
3.46 11.62859152
39.17249042 21.49
28.20773889 37.0214096385
2.4034 14.9412
22.97309 23.376
69.9725743999 20.315548
1.786976404 6.9604
14.2952309908 45.04451755
33.3 48.19
5.9172788004 23.80516697
31.524367288 7.1612933
34.98870281 5.479908
74.1107732 33.46189
59.2264151 36.969676
69.09031054 3.76
28.994016 31.033
2.6727 30.5600156
11.31247141 10.2639
8.201042051 66.82
3.4775792 62.08627
62.07 36.195627
1.6503 19.977
3.3009626403 7.29
5.820464078 34.3106513383
29.1027 32.15
34.846729 50.47118
20.513 1.429981
35.1385 30.0155838611
24.08 38.88
52.6162368452 6.17864
29.48507156 39.57052745
9.7849330329 32.4606187
13.8328363 72.1042604
39.5 29.9684
4.70879 34.950285
8.8397 15.502788607
38.589742214 60.91
20.548733 8.97
66.75450363 39.72321
4.907286537 9.134216051
4.9 27.584866
21.04 53.27
23.396548 5.77190043
0.8894 45.9
46.80205 34.224885287
9.8945 57.607638
50.21235244 24.977
42.21536567 39.839
34.993793039 47.16966694
24.16882 1.86
72.354303 4.9540062
45.3417 32.3254943008
27.562 43.61
4.1864375199 11.9874011963
59.16 10.49362466
15.1574 66.86238258
56.055510767 64.1496337
47.29873921 54.36
3.85296 37.8090799
28.1604939 19.469225
0.9717 27.293826
8.29707273 19.4504750864
78.41332475 4.03000057
32.86 4.756
47.2 80.63
12.77287 3.0859810684
11.3105378 5.287858821
3.43 1.84923772
44.0271 36.9254196294
39.91 33.7891
58.3265 66.573883222
11.802637623 65.39138832
52.6259339717 75.4066371
9.8269 75.6576212
59.9323143 45.8958978
67.06652995 49.64
4.78 13.21587224
6.823 36.14
47.24 31.137497
1.005658 32.9854
18.076936376 3.480925
53.8120199667 63.62877
52.012 0.5544
31.9268214121 19.200984278
23.246257 5.06930843
2.9336886255 13.4097804
27.18495912 18.26
20.5954964458 34.485314187
74.11 34.6937
1.28 64.749
