1000 12
1266 8 11
656 30 5
956 29 0
1226 10 9
910 37 12
418 22 6
111 15 4
567 33 3
447 23 8
726 34 9
241 1 8
1261 17 4
489 11 0
38 8 5
417 37 0
451 33 5
203 2 1
998 30 8
562 36 11
914 11 11
632 34 10
360 28 7
275 5 0
1069 24 4
948 16 6
687 33 8
1159 8 7
498 35 8
340 22 11
512 21 8
951 15 4
906 27 9
125 32 6
1246 11 7
927 11 3
987 25 3
55 17 12
810 15 5
559 34 6
1235 32 6
173 19 12
1257 38 8
554 3 11
532 14 5
455 3 2
867 30 1
669 12 5
52 16 8
1255 22 0
1219 4 1
244 11 12
638 14 1
912 28 11
43 29 0
628 39 2
849 24 4
943 9 9
46 9 1
397 8 5
535 37 3
163 1 8
262 10 0
1253 35 2
470 16 1
1240 2 3
980 39 9
201 37 3
549 26 11
579 30 11
501 26 5
278 37 0
298 36 5
1127 28 1
409 17 4
1040 14 0
923 21 9
1161 30 9
494 32 4
919 28 8
655 7 0
156 21 2
227 17 9
1109 9 4
76 1 5
1244 18 0
66 9 8
715 21 2
289 28 8
264 12 5
136 40 3
931 30 10
216 37 12
137 11 6
997 17 0
1063 11 2
420 39 11
350 26 4
776 30 5
200 10 3
1177 37 2
747 25 0
196 4 11
332 28 8
1214 15 7
1019 7 12
370 34 7
12 24 4
312 1 10
176 6 1
1105 13 10
915 14 4
1208 34 8
121 17 3
401 17 7
56 25 12
972 10 3
86 36 8
596 31 6
1053 33 2
602 14 8
399 10 7
69 13 6
116 40 6
932 8 8
620 28 3
763 27 7
773 11 0
1115 33 8
336 28 7
155 23 10
622 4 2
1166 10 11
670 24 9
1176 13 2
758 23 7
565 6 8
211 30 12
187 33 12
398 29 1
390 26 3
406 24 4
206 22 8
853 11 0
903 25 0
663 32 4
936 12 6
295 14 12
144 38 3
965 19 0
821 11 1
736 35 12
1130 28 1
373 37 1
188 30 3
1193 33 9
102 26 1
1080 3 0
101 21 6
48 7 9
53 10 5
355 15 5
471 25 9
182 8 11
253 7 1
169 39 10
703 33 10
574 6 8
164 40 8
1272 26 9
1060 31 12
1237 30 12
255 8 7
909 5 10
1124 12 11
940 2 6
1168 15 6
5 26 11
356 15 10
1151 31 12
1252 13 5
642 30 11
885 16 12
1043 29 9
384 14 7
317 18 4
51 2 3
771 12 7
529 1 8
221 12 11
333 32 2
823 36 3
1239 26 0
1284 8 7
1153 11 1
11 9 6
1157 28 11
457 39 12
238 24 6
975 21 2
802 17 4
790 36 8
23 6 0
319 40 7
99 8 10
841 27 6
985 35 9
880 18 2
887 35 7
243 30 0
693 2 6
834 7 6
1274 31 6
1014 2 2
507 24 5
184 31 1
706 23 9
476 39 12
757 34 11
789 4 5
971 33 1
62 15 8
3 7 0
1202 11 6
537 23 6
165 21 6
1135 13 7
98 3 2
197 1 12
367 18 0
112 9 2
1054 36 1
808 2 2
1006 9 7
502 26 12
383 39 12
828 32 4
115 29 2
1068 15 3
917 35 0
988 26 10
780 2 2
1023 2 2
292 5 4
695 21 5
666 6 5
78 29 0
833 23 5
503 9 8
577 15 11
749 28 4
709 20 9
204 31 1
643 32 10
563 11 4
935 3 2
2 38 9
590 17 10
469 38 5
1201 23 4
637 12 7
691 32 7
450 37 2
89 20 9
1131 4 5
118 33 9
793 35 3
1003 24 10
441 25 5
527 27 3
1155 7 9
191 17 7
1073 38 12
459 2 4
838 28 0
90 22 2
868 4 10
754 1 3
369 1 10
235 13 8
286 1 7
894 15 8
886 17 3
570 19 12
974 35 2
486 3 10
50 37 10
190 8 4
677 27 10
815 39 4
583 11 3
271 31 3
846 35 4
166 14 4
584 19 7
614 27 10
908 6 4
690 2 12
358 7 11
297 21 8
884 27 12
1036 28 8
1030 36 1
791 31 12
287 33 8
993 35 10
942 7 9
631 20 12
649 2 5
518 37 7
721 14 10
33 40 12
1283 10 3
1260 12 6
1203 34 6
324 31 7
1134 6 6
252 19 10
551 30 3
1106 1 3
274 12 2
766 27 6
819 31 9
850 28 10
452 17 4
600 1 1
303 20 12
318 1 1
1137 9 11
794 7 9
550 19 11
158 2 5
1116 35 3
1140 18 0
434 19 9
986 26 4
847 7 3
1118 10 2
657 21 7
1075 11 11
109 11 6
639 14 7
1164 33 10
698 5 11
804 25 12
756 39 5
377 18 9
1037 35 7
913 28 5
784 17 6
522 28 11
448 5 9
73 14 2
1101 3 2
538 1 3
1288 32 4
934 37 3
573 29 4
207 25 8
764 6 4
71 13 2
827 1 0
284 19 7
525 16 5
544 37 12
327 2 8
865 14 0
876 29 3
331 23 4
750 20 4
245 12 7
282 22 1
744 17 3
316 33 10
854 1 5
473 38 8
890 22 10
1136 40 3
220 33 3
44 32 4
882 38 2
326 14 9
1175 10 4
1045 18 2
741 6 12
352 6 0
376 22 0
454 34 11
42 32 2
1058 28 6
1007 20 5
7 33 10
879 35 1
586 1 10
27 29 6
869 17 0
899 29 6
122 2 9
1031 35 5
1178 40 0
315 22 11
792 15 0
202 29 10
449 20 12
528 33 8
674 34 4
67 24 2
704 28 2
82 36 10
1167 9 7
1172 8 7
283 12 6
682 15 5
477 7 11
1169 16 9
1292 27 9
133 34 4
387 6 11
1162 32 10
896 36 1
1263 31 8
402 30 10
1038 38 1
1050 28 8
1120 9 7
1215 21 10
226 36 2
866 8 2
180 25 3
1221 39 6
597 29 7
1095 30 12
591 28 5
72 7 0
1206 39 4
141 35 12
842 16 2
520 19 11
430 22 10
1123 17 5
753 28 8
394 30 9
797 38 9
1232 18 5
330 35 12
1190 16 10
228 12 5
248 39 9
732 5 0
1247 9 6
723 5 6
1052 19 10
524 17 10
79 24 1
1204 1 9
775 8 4
347 22 9
389 15 3
1077 2 9
944 28 7
21 23 2
1207 38 5
254 13 5
81 16 4
958 28 6
1139 7 0
1096 31 6
1258 11 2
77 34 8
892 15 10
799 1 11
279 22 7
1129 15 1
1 7 12
601 27 2
901 1 11
213 16 4
1171 18 4
712 21 11
475 19 4
616 25 7
479 7 9
1033 30 10
587 3 11
1079 5 1
104 12 0
106 20 11
1119 12 0
679 39 11
139 40 3
871 29 12
924 25 12
860 35 6
1212 28 9
552 31 9
64 32 7
49 18 2
1276 31 5
393 16 0
372 24 4
604 14 9
511 30 10
147 5 8
873 13 8
177 16 7
1222 14 12
1156 15 3
1187 2 6
1192 10 1
310 40 9
185 2 11
916 25 9
1282 32 5
100 28 6
277 3 0
280 1 5
1281 26 3
240 36 2
578 13 3
1141 38 9
1270 8 11
557 28 1
10 14 2
933 31 12
755 5 0
558 14 6
468 40 7
290 20 9
689 37 9
1230 35 12
531 23 8
898 7 11
175 5 10
194 28 6
443 11 12
881 13 1
426 25 4
146 31 10
1262 5 5
320 19 9
314 9 3
215 25 0
375 33 3
970 1 8
75 27 0
939 2 1
610 9 7
774 19 4
410 39 5
603 12 2
1056 13 12
870 15 5
74 16 10
363 12 1
569 16 7
1191 18 9
714 33 7
1066 18 8
491 29 8
272 17 11
508 16 2
1147 18 6
745 40 12
1210 12 1
1195 34 11
1233 16 4
242 5 0
826 37 0
88 1 8
487 11 12
321 17 11
1242 40 5
1111 2 4
805 22 7
334 3 0
263 16 9
107 11 6
546 4 9
659 27 0
954 7 0
996 39 3
97 3 4
1049 3 1
581 40 6
37 17 3
497 2 5
63 18 6
343 2 8
311 4 2
128 11 1
1163 36 2
731 8 8
108 9 10
1298 14 5
1001 1 9
738 9 6
210 11 8
646 22 9
543 34 11
1179 17 5
788 15 1
991 40 5
505 19 7
918 38 0
1269 30 1
1143 8 7
671 18 4
1132 17 3
864 5 3
862 34 11
1184 24 8
707 1 7
435 20 10
229 5 4
625 25 0
268 25 4
1285 33 3
588 3 1
429 7 4
463 31 12
608 5 6
20 11 6
1196 11 8
495 4 5
534 10 1
626 7 2
845 31 3
635 19 4
545 28 12
299 22 8
664 36 5
1107 32 11
539 26 4
878 2 5
1209 26 12
192 22 8
61 25 9
189 32 1
70 3 6
1286 21 1
800 33 11
560 23 6
132 31 3
930 5 10
193 20 8
968 19 11
893 6 1
1144 27 5
807 15 5
580 37 0
650 5 5
1149 17 1
1173 13 1
829 37 6
28 40 3
405 15 6
742 16 3
540 20 4
484 33 3
496 29 6
368 3 4
131 22 2
135 25 2
1021 40 12
1138 28 2
1279 1 7
981 8 4
982 7 6
198 4 12
456 6 0
676 27 7
606 28 0
87 33 6
743 37 2
1034 32 5
113 4 10
142 3 11
1125 10 2
1042 24 2
946 37 2
877 9 11
427 32 12
1213 12 11
1245 31 3
739 23 10
1035 29 12
25 30 0
926 8 9
564 28 7
835 31 2
85 39 5
267 27 9
95 30 3
863 37 3
408 32 10
68 28 3
575 15 4
929 18 8
701 26 11
553 4 11
1256 2 9
561 7 9
685 13 3
186 40 0
1199 21 2
1072 2 4
660 40 4
667 1 10
989 35 0
446 15 10
1065 7 8
1251 11 12
342 6 11
354 35 2
1039 16 3
16 14 6
1057 15 10
341 11 2
1225 39 12
309 23 9
233 12 5
1085 38 2
15 23 2
872 23 4
167 39 9
848 32 12
442 18 6
515 40 10
891 6 7
209 27 2
366 17 5
45 18 6
258 10 7
1067 5 1
856 35 5
521 25 5
1264 29 4
806 33 3
60 31 2
126 30 3
474 4 6
1099 2 10
225 7 0
1013 15 7
94 39 3
618 38 3
444 25 5
212 39 0
681 34 11
1017 31 11
26 10 9
962 33 9
134 8 10
251 35 0
462 13 9
571 40 7
1198 33 0
1174 20 12
837 3 10
786 38 4
223 34 2
337 18 11
592 19 3
1081 13 2
499 12 0
617 24 10
205 5 11
14 26 12
1114 17 6
716 38 9
1024 33 3
937 16 0
259 35 9
526 17 2
1194 6 11
183 7 2
599 10 0
103 18 11
779 37 12
440 6 8
250 24 2
1015 37 10
414 3 7
630 17 9
307 4 3
378 24 0
174 7 3
1160 27 1
178 14 6
582 14 8
772 5 0
232 31 7
1165 35 1
92 40 11
904 11 10
730 40 12
431 20 7
820 36 0
288 39 9
609 32 12
386 7 1
718 25 8
840 40 3
1170 6 12
1112 21 11
257 4 10
234 37 0
595 6 11
874 28 7
362 25 12
787 7 2
305 21 4
323 23 12
1032 28 12
239 32 12
1078 7 12
195 6 2
801 34 1
1294 35 3
438 38 1
1064 35 10
224 27 4
40 35 2
313 38 6
231 29 3
1121 38 9
270 14 2
1027 16 8
662 16 6
306 36 1
294 12 10
58 39 1
91 4 2
480 12 5
652 30 9
17 24 6
812 17 7
572 3 12
548 18 5
1293 40 4
170 3 7
513 12 11
900 31 3
822 4 2
888 21 10
1061 34 7
222 38 4
875 19 12
1098 3 5
65 2 10
568 1 1
725 28 4
357 13 11
29 24 2
1071 25 10
1224 32 5
1070 17 1
273 14 1
428 2 11
1128 12 12
781 26 1
400 8 5
777 21 10
266 14 3
433 39 1
1012 13 3
619 4 7
798 10 11
150 30 11
1189 7 0
1093 19 11
199 17 10
247 6 6
407 4 11
1092 34 3
161 37 8
157 20 11
296 24 2
816 38 1
748 31 0
746 7 3
237 2 5
1154 29 0
304 2 3
1126 40 1
13 28 7
510 13 3
839 7 6
404 12 2
832 22 7
920 21 2
1084 13 5
952 38 4
335 23 8
1062 40 1
611 6 11
680 37 8
47 34 7
423 17 2
35 27 5
4 3 9
57 26 2
453 27 12
953 15 2
478 25 0
960 32 3
1089 35 6
445 22 10
1117 34 11
1004 1 8
941 24 12
811 15 6
728 11 9
124 24 2
22 38 0
465 35 6
1094 25 0
648 16 5
1289 5 9
1249 19 11
504 12 3
1290 18 7
855 12 0
9 29 2
1011 18 10
374 11 1
1273 38 9
1267 32 8
576 29 10
154 4 4
1002 29 2
1223 37 0
411 5 11
692 14 1
585 7 4
678 27 9
966 25 4
1211 13 9
979 5 0
517 17 10
607 32 7
1205 12 0
770 23 5
1026 22 5
1148 30 2
796 7 5
162 12 4
1086 17 10
1296 9 4
509 6 5
1234 7 6
961 1 9
950 13 11
130 21 7
911 13 4
466 21 11
697 12 4
129 19 7
1020 39 11
1248 22 10
717 21 11
765 19 0
1146 12 6
897 27 11
760 38 1
555 7 8
710 39 8
612 22 3
830 24 1
481 19 9
1216 4 1
696 21 5
467 29 0
31 31 1
629 5 4
1051 23 4
485 20 8
382 18 1
1271 29 5
291 39 2
1041 24 7
328 34 12
644 7 7
181 29 6
963 8 2
959 9 0
1090 7 5
907 29 0
858 22 1
351 36 0
359 6 5
41 3 10
1254 37 1
1016 5 0
945 8 2
514 8 0
18 35 3
814 37 6
1259 6 5
458 16 10
1022 29 9
