4.263679 4.634405
3.380347 6.173645
4.16096 7.755095
3.465779 5.540066
4.268852 5.258511
3.654594 5.449197
2.683965 4.595601
4.144362 6.16712
3.377705 3.721708
3.360822 5.389976
4.284612 4.904687
4.303536 5.114462
3.307527 5.213321
4.610431 7.215363
4.031602 3.168919
4.679755 7.526259
2.68993 4.105846
3.202891 4.97243
3.765668 6.793697
4.40876 6.99073
3.213593 6.019355
2.595252 4.020504
5.498554 6.565647
3.598497 3.43932
2.885427 5.255712
3.820695 7.141685
3.940238 7.112821
3.638771 7.221115
4.217188 7.350707
2.605066 3.740971
3.480263 3.429617
4.861129 6.622409
4.86762 5.074433
5.204857 5.53646
2.649423 4.562395
3.421039 6.133868
4.009172 4.405426
2.352665 4.234996
3.523654 3.592035
4.237092 6.593624
5.39588 7.153046
3.568541 5.503181
3.666212 5.01673
4.273525 3.717768
5.118377 7.161804
3.446138 3.752445
3.503905 6.100134
3.777992 7.215952
3.033872 3.694688
4.277919 5.936355
2.275403 3.896298
4.419804 6.875029
5.025251 5.474458
3.679407 5.24284
4.091752 6.997998
4.096797 3.206041
3.728807 5.508701
3.496517 5.098204
3.551492 4.629303
5.76158 6.843998
3.28467 5.943895
5.041257 5.282819
3.417496 3.368705
2.975758 5.479907
3.60896 3.262577
3.919744 5.360886
3.179979 4.10825
4.972461 5.451988
2.264378 4.460563
3.579687 3.534858
4.935015 6.975859
5.377649 6.510307
3.225804 6.14551
5.708066 6.984419
3.775054 7.146279
4.14756 3.497329
5.18315 5.47894
3.841629 5.044731
3.91112 5.708603
5.568345 6.758476
4.842469 7.322289
5.674778 6.468373
4.926826 6.788264
2.498807 4.668074
3.869415 7.641465
2.378893 4.245025
3.092423 4.638129
4.203146 4.451657
4.920402 7.349127
3.312159 3.453367
3.820661 4.932893
3.67262 3.633142
3.580742 6.67573
4.013117 6.301238
4.565473 6.643241
3.039933 5.57658
3.132914 6.108501
3.402323 3.426028
3.411645 6.793689
4.531647 5.670969
4.164153 4.051963
2.7351 4.124196
4.698754 6.177431
4.67983 4.779368
4.18793 6.732046
5.389371 6.437243
4.431978 7.343514
4.504327 4.379196
4.476529 4.684587
3.853725 3.842686
4.595066 6.783435
3.311615 5.105894
3.194314 5.562481
3.088444 4.912327
3.137017 4.05571
5.34135 6.967872
2.902501 4.617419
3.855301 7.378177
3.64106 6.645829
5.314432 5.959304
4.245571 4.911262
3.663252 7.142261
4.177408 5.50148
2.53661 4.149722
5.425443 6.391763
4.238671 4.162199
5.633327 6.920304
2.353893 3.980876
4.733508 6.281937
4.374983 4.015471
3.582083 3.782887
4.775833 5.929733
4.076213 4.799624
3.036312 3.77993
4.102847 3.848451
4.114579 5.632469
2.52464 5.000114
3.109914 4.232241
4.384115 5.836436
3.696777 4.425347
3.940082 7.527884
3.819029 5.872936
5.122835 6.000026
4.754746 7.472634
4.286567 4.971916
4.004014 7.53234
3.944975 6.717038
3.533883 6.898003
4.096819 7.149261
4.738217 4.927975
2.849753 5.690378
4.241626 5.632674
4.941845 6.790454
4.019167 6.002723
3.999936 4.055572
2.68983 4.881557
4.546677 4.75916
4.022663 7.653228
2.921042 3.978337
3.348704 3.668354
4.012218 6.566379
5.810822 6.650095
4.061598 4.535846
3.792493 5.20355
3.805589 5.403556
4.042173 7.694075
2.810967 4.745197
4.361387 4.246954
4.332755 5.064852
3.317137 5.320461
4.885352 6.908665
3.454752 5.652693
2.944057 3.99962
3.265676 4.699525
2.85874 5.565549
4.44988 6.286736
3.78307 4.665366
2.406829 4.285481
4.047301 7.400407
3.491499 3.851261
4.280448 6.169304
2.976727 4.524042
3.963627 5.796129
4.042717 3.782747
4.396729 6.46105
4.482509 5.687482
3.486296 3.876582
3.660826 6.952132
4.520709 5.73507
3.58297 3.261888
4.690163 5.664779
3.902351 5.401113
2.471785 4.449209
4.789034 7.400185
4.301053 7.199369
3.774846 7.351449
3.72584 6.831515
3.749972 5.062601
2.688425 3.843088
3.871219 4.983761
5.23352 6.66718
5.145882 5.660822
3.055042 3.954147
4.581884 7.482278
4.90728 7.378874
3.592143 6.35798
4.056386 6.065295
4.198601 7.230504
2.993045 4.979782
5.269537 6.548764
3.062859 5.991346
5.446808 7.145857
5.195909 6.565902
3.51078 4.151994
5.001908 7.22584
3.336449 3.467807
3.643226 4.157319
4.379053 4.212975
4.478055 6.582372
3.259516 3.37304
4.793285 6.88853
3.574061 6.778594
2.455534 3.795349
4.258327 3.715481
3.883385 4.242218
4.179713 6.586884
3.452254 3.366942
4.049425 3.36465
3.192211 5.383466
4.146326 7.291379
4.952834 7.328337
3.531934 5.721552
2.783684 4.799738
4.038391 4.637998
3.318896 3.692043
3.942479 6.954974
3.339005 3.467115
3.650041 4.745757
3.525766 3.998986
2.735273 3.639385
2.947633 5.135573
5.284024 7.156514
4.334475 6.507396
4.591071 5.264192
5.478513 7.110622
4.476591 5.968351
5.027527 6.945091
5.056722 6.877737
3.406732 5.108696
4.587116 5.662687
5.198666 6.152704
5.227875 6.707252
5.229324 6.93756
3.671509 5.295208
3.123506 4.698907
4.083549 6.180963
5.609848 6.306277
4.849229 5.322067
4.145445 3.986658
3.952785 3.180174
5.2191 6.81063
5.499894 6.74165
2.936915 5.445457
2.746345 3.692507
5.130635 5.757898
3.997898 3.129857
2.78694 4.497578
3.934333 3.207048
4.831384 7.218218
3.445179 5.319179
3.137668 4.83205
3.109935 4.149731
4.847858 5.094183
2.78418 4.28941
4.635088 5.728863
4.338508 5.191764
3.853908 6.256592
4.579895 4.947599
3.423084 3.312588
4.913987 7.505877
2.193761 4.038883
5.235691 6.599011
5.218712 5.723915
4.273325 3.810914
3.48362 5.113371
4.087912 7.205194
3.979752 3.553325
2.293407 3.92587
2.966986 4.011801
4.358057 3.971518
5.284691 6.837344
3.538905 7.06203
4.230454 3.670267
2.876797 3.569407
4.589294 7.700427
3.121613 4.264852
4.923562 6.587011
3.939723 3.830365
2.375197 4.329342
3.157596 5.889593
5.274846 5.824285
4.668284 6.904493
3.712937 4.358375
4.440316 4.293164
5.472167 6.227075
4.616304 6.98298
2.710017 5.29402
3.112185 4.780853
5.405076 6.770611
4.415709 4.314156
3.835909 4.95142
4.362549 4.796604
4.426604 5.646521
5.099942 6.679917
3.645814 3.754547
4.425 5.579658
4.016916 7.961905
3.918988 5.58906
4.39106 5.724505
3.957065 4.279487
3.218788 6.064114
3.860125 4.560478
2.716399 4.883707
5.495697 6.656916
4.195342 5.0226
5.459194 6.537109
5.562896 6.996938
4.640741 6.909971
3.855572 3.249381
4.343432 5.439618
4.241169 4.248849
3.394439 3.640709
4.037418 7.609234
2.874826 4.090895
2.787966 3.661189
4.375049 3.886786
3.409771 4.091727
3.24503 5.828032
4.410308 4.628697
3.571626 6.392577
3.953958 4.923318
5.299578 7.313353
2.83109 5.413199
3.013978 4.358349
5.080595 7.436551
3.687758 7.150693
3.309654 5.330436
3.395946 5.418726
5.454458 6.653585
3.596288 3.900284
5.251984 7.316347
4.61557 4.568559
4.154083 6.121024
3.143704 3.653922
3.489097 4.280958
3.274696 4.181877
4.098051 4.008728
3.479538 5.19804
3.667253 7.005123
5.33617 6.010946
4.862496 5.600814
5.247332 5.505629
3.185995 3.716165
4.130906 5.327807
4.222206 6.849584
3.729069 3.620325
4.091213 7.544547
3.694182 5.469286
4.048493 5.671544
4.435328 7.578938
3.488444 5.0178
2.109973 4.184165
3.67283 3.313492
3.861058 5.741176
5.008365 7.073889
5.047547 6.978285
4.899161 5.568859
4.161196 4.985484
4.845413 6.067109
3.539477 3.588051
4.141469 7.252157
3.378598 5.314869
3.786264 6.279078
3.755669 4.466577
2.859105 5.467258
3.383884 4.33919
3.37857 5.090475
2.751871 5.064607
4.195067 4.04402
3.425676 6.824827
4.745396 7.360818
3.951692 3.482795
2.753592 4.984317
2.629312 4.649369
4.871077 4.957633
5.413386 5.82803
4.585285 6.968253
3.66673 4.406139
4.092622 5.105561
3.690592 7.194524
4.963311 7.101418
3.545097 4.973548
2.890553 4.428105
3.994516 4.057946
2.42379 4.013152
5.514857 6.096619
3.096227 5.239346
4.906984 7.084982
4.521873 7.628413
3.457527 3.516291
3.532493 5.690264
3.29082 6.218299
4.117207 7.34605
5.782322 6.713038
4.005911 6.564399
3.259378 4.87771
3.677545 4.521909
2.110395 4.027374
3.88409 4.069782
4.634521 5.73587
4.393531 5.822979
5.208853 6.357013
3.904768 6.173257
5.06814 5.303263
4.728382 4.698228
4.754003 6.931174
2.159016 3.993589
4.352513 5.942371
3.790652 3.856721
5.318764 6.417998
3.094143 5.903156
3.811336 6.99687
2.525183 4.145901
4.001902 7.764798
3.460338 3.705492
2.753598 4.979767
3.865759 5.571049
3.356412 4.499954
3.81206 7.003996
4.916817 6.546226
3.149271 4.786215
3.970637 5.326514
4.070103 6.561176
4.58894 6.26411
4.912599 5.454275
4.095238 4.327885
3.510457 5.680382
4.687777 7.610464
2.534594 4.236657
5.660463 6.828469
4.445629 7.067267
3.256483 5.092975
3.815399 4.254383
4.362251 6.856077
3.960877 3.022196
4.400125 6.592371
4.443621 6.037669
4.171166 4.326745
4.612884 7.557288
5.21619 7.370246
4.932813 6.053758
3.814256 7.393733
3.885869 5.394711
4.935567 5.783367
4.27704 5.049855
4.696855 4.488379
3.809955 3.814804
3.65696 7.185018
5.524261 6.857309
3.868002 7.201521
4.706261 6.905859
3.490053 3.571003
2.530336 3.909046
3.932859 4.548213
4.533538 4.660137
3.695036 7.202274
4.644869 6.892005
4.135139 4.525179
2.861734 5.494648
3.121497 3.510579
2.781799 5.426271
3.117807 5.890056
6.520215 0.374481
8.290993 2.315582
6.640829 1.576734
5.998382 0.416324
6.82411 -0.327631
6.272536 1.620277
6.98693 3.350452
7.853099 1.452875
7.257247 1.500437
6.569241 1.127474
7.041943 1.12286
6.987192 2.9651
7.359221 1.640382
7.038701 2.252046
6.599845 1.358045
6.59686 -0.666401
8.42699 2.244129
6.417961 2.087792
6.398517 0.876488
6.069135 -0.38685
7.032035 1.880864
5.829145 0.489603
7.445941 2.813681
6.754534 3.023942
6.444991 0.532442
6.567904 0.398376
5.712471 0.965376
7.493849 1.408344
7.264293 -0.199705
7.224496 2.321205
6.791603 2.141462
6.82222 2.255241
7.409694 0.135425
8.574253 2.686679
6.45537 0.355804
6.586231 -0.229765
7.768813 0.73316
6.951511 2.514273
6.049996 1.218146
7.060315 0.72437
8.209738 2.049678
6.726474 -0.697372
7.674256 1.006914
7.681432 1.121094
7.537212 2.331784
7.076519 0.109827
8.207834 2.274541
7.475032 3.539415
7.345743 3.476826
7.054617 -0.477588
6.584869 1.102208
6.761786 0.264176
6.118287 1.950692
7.536002 1.095716
8.392177 3.020354
6.330663 1.592825
7.761675 3.420392
6.283821 1.433443
6.805964 1.782691
6.673568 1.430539
7.924125 1.104321
7.159797 -0.545567
7.016632 3.142283
7.722165 1.797083
7.651124 0.632633
7.616642 1.106101
7.212214 1.584375
8.318691 2.962625
7.909691 3.537567
6.824599 0.833211
7.56812 0.961235
7.36179 2.498761
6.714233 3.034363
8.270949 2.29486
7.39523 1.744207
7.884619 3.526391
7.046706 2.386306
7.62787 2.996505
5.733578 -0.126033
6.862187 1.09159
6.601383 2.767388
8.79698 2.798876
5.137934 0.207239
6.467854 -0.116508
7.157932 3.651017
7.063029 0.539411
7.589557 2.81392
6.352664 0.964976
6.352235 2.08131
6.886529 0.844072
6.94348 0.174247
6.496648 -0.540487
7.242459 0.885695
7.356647 3.321385
5.112338 0.219739
8.32483 2.338618
8.277581 3.330414
7.22158 1.841405
6.573385 -0.22385
7.375578 1.472846
7.727587 2.180615
6.239259 2.392126
5.796803 0.585967
7.184182 1.156442
7.190107 -0.281697
6.881764 -0.440195
5.948252 0.788584
7.950966 3.082862
5.892087 0.960997
7.114258 -0.583353
8.387127 2.743717
6.350313 1.091981
6.240312 2.066428
7.773327 1.543549
5.65706 1.296272
7.601031 0.307103
5.979772 1.534075
5.786348 1.500616
7.908683 2.311747
6.471033 0.884048
8.47072 2.685315
5.412085 0.802161
7.643006 2.816258
7.197038 2.758899
8.364439 1.817353
5.936068 -0.158002
7.470764 3.344044
6.321164 0.129103
6.993872 0.072148
5.852659 -0.125276
5.734452 0.371993
8.167887 1.997564
6.652486 2.367346
7.178707 2.948853
7.397613 3.438435
7.2715 1.954772
5.822652 1.026103
6.874062 0.111806
5.897161 -0.288117
6.922003 0.523484
6.319548 1.961798
6.105915 2.183279
5.564134 0.376121
7.593461 3.103963
6.682895 -0.010974
7.914633 2.932676
6.462923 1.984825
8.312038 3.039101
6.761324 2.680144
6.727134 3.392567
7.369899 2.686953
7.754673 2.930521
6.013834 -0.430969
7.885766 1.662422
6.548561 0.173234
7.014181 -0.341962
7.760741 1.01611
6.654174 -0.555402
7.146293 2.086722
7.486234 2.765179
7.193609 1.975291
7.267935 3.104995
6.30181 1.013681
7.094225 1.253616
7.237067 2.699498
6.451257 -0.459585
7.812498 3.553325
7.3681 1.712452
7.461833 2.087054
5.472541 0.692348
7.184027 2.473367
8.843987 2.69313
5.816429 0.963945
6.938354 1.396857
7.845665 1.615066
7.631021 0.305991
6.316979 2.375533
7.165404 0.269675
7.280316 -0.097631
6.431997 -0.567263
6.022076 0.26535
6.359639 -0.162318
7.684431 2.936196
5.991055 0.176715
5.413529 0.767826
6.192265 0.15347
6.971825 3.529685
8.076834 2.602176
6.748269 2.814933
6.560541 1.686382
6.491102 2.551388
7.582486 2.549059
6.770622 0.512008
5.859632 0.845017
6.324646 -0.06606
7.066991 0.063839
5.991823 1.587336
7.214976 3.560222
6.301312 -0.226415
6.611658 0.345032
7.020889 3.174454
6.475931 1.351815
6.681903 2.082342
6.361928 -0.192233
8.883654 2.87038
8.209872 3.242911
6.295204 1.713078
7.672556 0.929949
7.519787 2.63604
5.29757 0.393927
6.638588 0.627491
7.463167 0.862727
6.164566 0.629189
8.873843 2.836217
6.413516 0.592015
8.169678 2.951309
7.54613 1.354933
6.531944 -0.350841
6.080732 0.838719
5.868797 1.365392
7.700497 1.106537
6.88781 3.579837
8.294876 2.756625
7.340375 -0.152247
7.312974 0.028819
7.869148 2.312025
6.341853 -0.619041
6.085992 0.00305
7.565826 2.796378
7.185651 3.740812
6.573485 -0.424585
8.004093 1.268048
7.371477 -0.229421
6.13014 0.091038
5.900167 1.453573
6.398316 2.145079
6.705798 1.284349
8.124886 1.885028
8.292187 2.817586
5.807825 0.050331
7.760465 2.159805
7.781254 3.583588
6.88813 -0.47146
7.548329 0.684066
6.481088 -0.04057
6.724174 0.798918
6.64488 0.10897
6.886919 3.323945
7.666849 3.281452
7.078083 3.019698
8.014043 1.050181
7.379425 0.797436
6.163775 0.635901
8.629369 3.004785
8.010273 3.450567
5.462116 -0.036693
7.697651 3.060361
6.847285 2.98365
7.503911 0.916561
6.842043 -0.71714
8.018228 3.316671
5.875717 1.236959
7.655449 1.451699
8.471565 2.839569
6.125302 2.137392
6.778284 0.069985
7.235662 2.000543
6.658442 3.306548
6.308634 0.704974
7.64303 0.675135
7.043258 2.578725
7.199563 0.087633
6.752871 0.953223
6.778617 3.134138
6.632279 -0.311111
6.175116 1.59621
6.113981 1.928557
7.167842 1.62232
7.557068 0.256493
6.806682 2.694086
8.691639 3.064809
8.251733 2.729068
6.375209 1.536824
6.749517 1.891838
6.300466 0.236252
6.693176 0.366685
5.710192 1.179872
6.975599 1.40024
6.787508 1.059427
8.658513 2.582292
7.104037 -0.326711
6.70766 2.718227
7.47184 0.214734
6.003391 -0.207188
7.152044 2.400144
7.489656 0.214987
6.840514 1.703492
6.416987 1.706466
6.982443 -0.305423
5.212578 0.110366
8.643057 2.445484
6.770693 0.258937
6.286722 2.569297
7.96644 3.278312
7.741737 3.595704
7.025717 2.530505
6.996113 2.393189
7.25501 0.9782
7.305112 3.025495
8.046077 3.38583
6.458089 2.246116
6.298882 0.238586
7.917909 1.984053
7.915521 1.540776
6.861236 0.193531
6.814232 1.853834
7.276871 2.951061
7.435896 1.230226
7.532455 3.151517
7.015818 2.616034
8.095037 1.343476
7.931141 1.242471
8.216629 2.501046
7.121296 0.285541
7.294475 2.738373
7.492233 2.732421
5.227708 0.015335
7.599556 0.500021
6.072695 0.288728
6.421741 -0.414409
6.454082 0.945403
7.727135 1.095957
5.439042 0.788124
6.82201 2.184261
5.964302 0.517921
6.608453 -0.34063
5.82629 0.825704
7.273818 3.184738
8.0442 1.556255
7.583533 1.849383
7.121544 -0.364158
6.032933 1.3752
5.947513 0.800314
7.0949 2.451021
6.529773 0.083346
8.312545 2.878636
8.317698 3.269944
6.635679 1.490967
8.839887 2.885015
5.203782 0.014797
5.898667 0.446005
8.085029 1.674235
8.783225 2.903182
5.843524 -0.037961
6.644705 1.386906
7.431106 2.748611
7.333465 3.595255
7.64932 1.648674
6.768275 1.298487
6.323154 2.413996
7.472171 1.009918
5.868407 1.73254
5.894808 -0.125183
6.939815 -0.238654
6.937613 0.539093
6.917094 -0.231503
7.865757 0.765844
5.636727 0.33483
7.262967 3.476482
7.534444 1.644748
6.999517 0.35294
8.348842 3.171613
8.099313 2.648974
8.07394 3.35968
7.449395 0.719139
5.862051 -0.094555
5.911388 1.132454
8.241037 1.97959
7.026799 0.374778
7.5326 1.819891
6.153134 0.270856
7.476734 1.712965
7.401741 2.550195
7.053324 3.945756
7.46436 3.441855
7.271148 1.149786
6.448002 -0.043466
7.716836 0.539076
8.531932 2.625072
7.487291 2.062963
5.89946 0.450631
5.24883 0.231478
6.96981 2.0777
6.993756 0.21492
5.831821 0.690815
6.875932 1.237818
7.917766 2.811642
7.15472 0.38437
5.778236 1.514426
5.501147 0.351829
7.228496 1.002314
8.535292 3.043948
7.131702 1.024851
7.599819 1.228542
6.565758 2.246722
5.772588 -0.372827
6.151357 1.839065
7.590768 3.319243
7.619285 2.644761
5.997945 1.91877
7.913043 1.581593
6.916461 2.911992
5.352542 0.132099
6.44606 1.846021
6.89651 2.060869
5.968612 -0.042301
6.724563 -0.56322
7.507317 2.16035
6.86652 0.4075
6.634636 0.348325
7.075717 -0.626252
7.584656 3.163237
7.293324 3.638191
7.997537 2.424637
7.589559 1.353894
6.573531 3.130131
5.344229 -0.10331
8.3083 2.999318
6.196883 -0.257815
7.333536 3.023324
5.894466 1.638945
7.737821 2.99229
6.793889 2.321708
6.617395 0.919691
7.913513 2.328125
8.623202 2.740468
7.188782 0.892631
6.195552 0.867815
6.360495 1.957849
6.801685 2.096817
7.744962 1.753955
5.920541 0.236378
7.083815 0.850392
6.546817 2.712128
8.617647 2.96016
6.374647 2.649659
7.335063 0.760976
7.574027 2.139263
7.25386 3.810802
6.966716 1.827688
8.219699 1.662754
6.473992 2.849214
8.120634 2.321116
7.434367 1.172995
8.532075 3.182027
6.990091 0.864512
6.781818 0.476541
6.642024 2.917791
6.358264 1.766899
5.351485 0.195656
7.070501 1.315726
6.725677 1.338135
7.182078 1.120377
7.827811 1.056809
8.003839 1.013579
7.054011 2.798609
6.031714 0.110049
6.760113 -0.207609
5.575438 0.820029
7.572076 0.977839
6.381443 0.633113
5.542903 0.740076
6.21986 1.497703
6.381958 1.874514
8.309349 3.102114
7.755991 0.639966
7.567527 2.99561
6.722532 -0.146262
7.331578 0.445673
7.849042 2.355787
6.449525 0.668611
6.280672 -0.255867
8.440099 2.974602
6.040288 1.735377
6.865001 3.358954
7.040816 0.725226
5.296244 0.556184
7.814112 2.311635
8.65104 2.473286
6.899722 1.346532
7.526575 1.392842
8.260148 1.700218
6.298211 1.878155
7.616643 3.228754
5.598652 0.530897
8.042953 1.51536
6.833883 0.827249
5.795927 1.355499
7.020398 2.208497
6.638916 0.926075
8.569306 2.919097
7.013765 2.545477
7.277439 0.18634
6.931712 0.536313
5.225481 -0.087311
8.340888 2.751706
7.562599 0.838605
7.017124 1.99621
6.039324 -0.025084
8.295306 2.194048
7.011747 0.982886
6.613738 2.30513
6.385019 1.742812
7.315754 2.605882
7.826552 3.15632
6.450621 -0.118301
6.677815 1.351731
5.77394 0.110338
